sales,intercept,price,gender,age,income,location,price*gender,price*age,price*income,price*location
2.65,1,6.1,0,5,2,2,0,30.5,12.2,12.2
2.51,1,5.28,0,5,2,2,0,26.4,10.56,10.56
2.91,1,5.92,0,5,2,2,0,29.6,11.84,11.84
2.61,1,5.22,0,5,2,2,0,26.1,10.44,10.44
1.89,1,5.3,0,5,2,2,0,26.5,10.6,10.6
2.61,1,6.8,0,5,2,2,0,34,13.6,13.6
3.34,1,6.78,0,3,1,2,0,20.34,6.78,13.56
2.82,1,6.74,0,3,1,2,0,20.22,6.74,13.48
2.34,1,5.9,0,3,1,2,0,17.7,5.9,11.8
3.03,1,6.06,0,3,1,2,0,18.18,6.06,12.12
3.4,1,5.48,0,3,1,2,0,16.44,5.48,10.96
2.6,1,5.78,0,3,1,2,0,17.34,5.78,11.56
2.46,1,6.24,0,3,1,2,0,18.72,6.24,12.48
2.3,1,6.5,0,3,1,2,0,19.5,6.5,13
2.65,1,5.46,0,3,1,2,0,16.38,5.46,10.92
2.79,1,6.34,0,3,1,2,0,19.02,6.34,12.68
2.74,1,6.2,0,3,1,2,0,18.6,6.2,12.4
5.28,1,5.7,1,4,4,3,5.7,22.8,22.8,17.1
6.59,1,6.14,1,4,4,3,6.14,24.56,24.56,18.42
6.01,1,6.32,1,4,4,3,6.32,25.28,25.28,18.96
5.72,1,5.56,1,4,4,3,5.56,22.24,22.24,16.68
2.78,1,6.24,0,5,2,2,0,31.2,12.48,12.48
1.72,1,5.56,0,5,2,2,0,27.8,11.12,11.12
2.97,1,5.86,0,5,2,2,0,29.3,11.72,11.72
2.96,1,5.32,0,5,2,2,0,26.6,10.64,10.64
2.51,1,6.56,0,5,2,2,0,32.8,13.12,13.12
2.39,1,5.66,0,5,2,2,0,28.3,11.32,11.32
3.06,1,6.54,0,5,2,2,0,32.7,13.08,13.08
3.38,1,5.78,0,5,2,2,0,28.9,11.56,11.56
5.47,1,6.04,1,4,4,3,6.04,24.16,24.16,18.12
6.25,1,6.74,1,4,4,3,6.74,26.96,26.96,20.22
5.95,1,5.86,1,4,4,3,5.86,23.44,23.44,17.58
5.13,1,5.18,1,4,4,3,5.18,20.72,20.72,15.54
5.96,1,6.76,1,4,4,3,6.76,27.04,27.04,20.28
4.82,1,5.22,1,4,4,3,5.22,20.88,20.88,15.66
7.23,1,6.86,1,4,3,3,6.86,27.44,20.58,20.58
6.47,1,5.96,1,4,3,3,5.96,23.84,17.88,17.88
6.92,1,6.9,1,4,3,3,6.9,27.6,20.7,20.7
-2.15,1,5.98,0,2,5,2,0,11.96,29.9,11.96
-1.18,1,5.02,0,2,5,2,0,10.04,25.1,10.04
-2.21,1,5.7,0,2,5,2,0,11.4,28.5,11.4
-2,1,6.98,0,2,5,2,0,13.96,34.9,13.96
-1.3,1,5.34,0,2,5,2,0,10.68,26.7,10.68
-2.12,1,6.1,0,2,5,2,0,12.2,30.5,12.2
-1.54,1,6.94,0,2,5,2,0,13.88,34.7,13.88
-2.07,1,5.4,0,2,5,2,0,10.8,27,10.8
-1.16,1,5.56,0,2,5,2,0,11.12,27.8,11.12
-2.31,1,6.46,0,2,5,2,0,12.92,32.3,12.92
2.87,1,6.64,1,2,5,2,6.64,13.28,33.2,13.28
1.34,1,5.12,1,2,5,2,5.12,10.24,25.6,10.24
2.83,1,5.98,1,2,5,2,5.98,11.96,29.9,11.96
1.39,1,6.46,1,2,5,2,6.46,12.92,32.3,12.92
3.12,1,6.58,1,2,5,2,6.58,13.16,32.9,13.16
2.87,1,6.32,1,2,5,2,6.32,12.64,31.6,12.64
2.66,1,6.38,1,2,5,2,6.38,12.76,31.9,12.76
1.4,1,6.06,1,2,5,2,6.06,12.12,30.3,12.12
2.32,1,5.8,1,2,5,2,5.8,11.6,29,11.6
0.06,1,6.2,1,3,7,1,6.2,18.6,43.4,6.2
-1.09,1,6.02,1,3,7,1,6.02,18.06,42.14,6.02
-0.38,1,5.04,1,3,7,1,5.04,15.12,35.28,5.04
-1.03,1,5.04,1,3,7,1,5.04,15.12,35.28,5.04
0.02,1,6.94,1,3,7,1,6.94,20.82,48.58,6.94
-0.58,1,5.74,1,3,7,1,5.74,17.22,40.18,5.74
0.19,1,6.08,1,3,7,1,6.08,18.24,42.56,6.08
-0.66,1,5.5,1,3,7,1,5.5,16.5,38.5,5.5
-0.11,1,6.98,1,3,7,1,6.98,20.94,48.86,6.98
-1.19,1,7,1,3,7,1,7,21,49,7
-0.76,1,6.2,1,3,7,1,6.2,18.6,43.4,6.2
1.74,1,5.94,0,6,5,3,0,35.64,29.7,17.82
1.87,1,6.7,0,6,5,3,0,40.2,33.5,20.1
1.58,1,6.1,0,6,5,3,0,36.6,30.5,18.3
3.17,1,6.7,0,6,5,3,0,40.2,33.5,20.1
2.3,1,5.84,0,6,5,3,0,35.04,29.2,17.52
1.89,1,5.7,0,6,5,3,0,34.2,28.5,17.1
3.23,1,6.48,0,6,5,3,0,38.88,32.4,19.44
2.76,1,6.3,0,6,5,3,0,37.8,31.5,18.9
2.24,1,6.22,0,6,5,3,0,37.32,31.1,18.66
-2.85,1,5.9,0,5,8,2,0,29.5,47.2,11.8
-1.79,1,6.42,0,5,8,2,0,32.1,51.36,12.84
-2.77,1,6,0,5,8,2,0,30,48,12
-2.85,1,6.74,0,5,8,2,0,33.7,53.92,13.48
-2.45,1,5.24,0,5,8,2,0,26.2,41.92,10.48
-3.43,1,6.2,0,5,8,2,0,31,49.6,12.4
-2.09,1,5.42,0,5,8,2,0,27.1,43.36,10.84
-0.52,1,5.68,1,3,7,1,5.68,17.04,39.76,5.68
-0.26,1,5.96,1,3,7,1,5.96,17.88,41.72,5.96
-0.86,1,6.64,1,3,7,1,6.64,19.92,46.48,6.64
0.29,1,6.14,1,3,7,1,6.14,18.42,42.98,6.14
-0.01,1,6.32,1,3,7,1,6.32,18.96,44.24,6.32
0.4,1,6.5,1,3,7,1,6.5,19.5,45.5,6.5
-0.1,1,6.46,1,3,7,1,6.46,19.38,45.22,6.46
0.22,1,6.42,1,3,7,1,6.42,19.26,44.94,6.42
-0.22,1,6.44,1,3,7,1,6.44,19.32,45.08,6.44
0.03,1,6.24,1,3,7,1,6.24,18.72,43.68,6.24
2.44,1,6.74,1,7,9,2,6.74,47.18,60.66,13.48
1.81,1,5.5,1,7,9,2,5.5,38.5,49.5,11
2.42,1,6.7,1,7,9,2,6.7,46.9,60.3,13.4
0.36,1,5.06,1,7,9,2,5.06,35.42,45.54,10.12
1.46,1,5.64,1,7,9,2,5.64,39.48,50.76,11.28
1.83,1,5.64,1,7,9,2,5.64,39.48,50.76,11.28
2.26,1,6.62,1,7,9,2,6.62,46.34,59.58,13.24
1.66,1,5.36,1,7,9,2,5.36,37.52,48.24,10.72
1.62,1,5.24,1,7,9,2,5.24,36.68,47.16,10.48
1.06,1,5.24,1,7,9,2,5.24,36.68,47.16,10.48
0.82,1,5.2,1,7,9,2,5.2,36.4,46.8,10.4
0.56,1,5.3,1,7,9,2,5.3,37.1,47.7,10.6
4.19,1,6.1,1,4,5,2,6.1,24.4,30.5,12.2
3.86,1,6.64,1,4,5,2,6.64,26.56,33.2,13.28
3.96,1,5.78,1,4,5,2,5.78,23.12,28.9,11.56
-0.14,1,6.34,0,5,5,2,0,31.7,31.7,12.68
0.29,1,6.58,0,5,5,2,0,32.9,32.9,13.16
0.29,1,6.76,0,5,5,2,0,33.8,33.8,13.52
-0.54,1,6.32,0,5,5,2,0,31.6,31.6,12.64
-1.03,1,6.9,0,5,5,2,0,34.5,34.5,13.8
-0.26,1,5.06,0,5,5,2,0,25.3,25.3,10.12
0.28,1,6.06,0,5,5,2,0,30.3,30.3,12.12
-0.44,1,5.38,0,5,5,2,0,26.9,26.9,10.76
0.24,1,5.78,0,5,5,2,0,28.9,28.9,11.56
0.26,1,6.82,0,5,5,2,0,34.1,34.1,13.64
-0.24,1,5.98,0,5,5,2,0,29.9,29.9,11.96
-2.24,1,5.4,0,5,6,1,0,27,32.4,5.4
-2.85,1,6.26,0,5,6,1,0,31.3,37.56,6.26
-2.95,1,6.58,0,5,6,1,0,32.9,39.48,6.58
-3,1,6.78,0,5,6,1,0,33.9,40.68,6.78
-2.52,1,5.84,0,5,6,1,0,29.2,35.04,5.84
-1.31,1,5.98,0,5,6,1,0,29.9,35.88,5.98
-1.89,1,5.06,0,5,6,1,0,25.3,30.36,5.06
-1.59,1,5.62,0,5,6,1,0,28.1,33.72,5.62
-3.07,1,6.7,0,5,6,1,0,33.5,40.2,6.7
2.17,1,5.46,0,3,3,3,0,16.38,16.38,16.38
1.55,1,5.56,0,3,3,3,0,16.68,16.68,16.68
1.8,1,5.92,0,3,3,3,0,17.76,17.76,17.76
1.91,1,5.72,0,3,3,3,0,17.16,17.16,17.16
2.46,1,5.86,0,3,3,3,0,17.58,17.58,17.58
2.28,1,6.94,0,3,3,3,0,20.82,20.82,20.82
2.28,1,6.98,0,3,3,3,0,20.94,20.94,20.94
1.86,1,5.06,0,3,3,3,0,15.18,15.18,15.18
1.75,1,5.5,0,3,3,3,0,16.5,16.5,16.5
7.72,1,6.28,1,4,1,2,6.28,25.12,6.28,12.56
7.97,1,6.88,1,4,1,2,6.88,27.52,6.88,13.76
8.21,1,6.3,1,4,1,2,6.3,25.2,6.3,12.6
7.45,1,6.46,1,4,1,2,6.46,25.84,6.46,12.92
7.77,1,6.68,1,4,1,2,6.68,26.72,6.68,13.36
7.58,1,6.6,1,4,1,2,6.6,26.4,6.6,13.2
7.75,1,6.88,1,4,1,2,6.88,27.52,6.88,13.76
6.75,1,6.08,1,4,1,2,6.08,24.32,6.08,12.16
6.68,1,5.46,1,4,1,2,5.46,21.84,5.46,10.92
8.58,1,6.9,1,4,1,2,6.9,27.6,6.9,13.8
8.44,1,6,1,4,1,2,6,24,6,12
2.12,1,6.56,0,4,4,3,0,26.24,26.24,19.68
1.8,1,6.56,0,4,4,3,0,26.24,26.24,19.68
2.12,1,5.84,0,4,4,3,0,23.36,23.36,17.52
0.95,1,5.5,1,1,4,1,5.5,5.5,22,5.5
0.95,1,6.58,1,1,4,1,6.58,6.58,26.32,6.58
1.61,1,5.68,1,1,4,1,5.68,5.68,22.72,5.68
1.75,1,6.78,1,1,4,1,6.78,6.78,27.12,6.78
1.62,1,5.22,1,1,4,1,5.22,5.22,20.88,5.22
1.87,1,5.96,1,1,4,1,5.96,5.96,23.84,5.96
1.09,1,6.24,1,1,4,1,6.24,6.24,24.96,6.24
1.42,1,6.6,1,1,4,1,6.6,6.6,26.4,6.6
0.92,1,5.22,1,1,4,1,5.22,5.22,20.88,5.22
-3.3,1,6.96,0,5,9,2,0,34.8,62.64,13.92
-2.92,1,6.36,0,5,9,2,0,31.8,57.24,12.72
-3.46,1,6.32,0,5,9,2,0,31.6,56.88,12.64
-2.98,1,5.92,0,5,9,2,0,29.6,53.28,11.84
6.96,1,5.58,1,3,2,3,5.58,16.74,11.16,16.74
7.7,1,6.2,1,3,2,3,6.2,18.6,12.4,18.6
7.23,1,6.32,1,3,2,3,6.32,18.96,12.64,18.96
6.71,1,6.06,1,3,2,3,6.06,18.18,12.12,18.18
-0.63,1,5.94,1,2,8,2,5.94,11.88,47.52,11.88
-0.35,1,5.68,1,2,8,2,5.68,11.36,45.44,11.36
0.05,1,6.74,1,2,8,2,6.74,13.48,53.92,13.48
-1.22,1,6.42,1,2,8,2,6.42,12.84,51.36,12.84
-0.62,1,5.68,1,2,8,2,5.68,11.36,45.44,11.36
-0.8,1,5.24,1,2,8,2,5.24,10.48,41.92,10.48
0.31,1,6.96,1,2,8,2,6.96,13.92,55.68,13.92
0.22,1,5.94,1,2,8,2,5.94,11.88,47.52,11.88
-0.34,1,5.32,1,2,8,2,5.32,10.64,42.56,10.64
0.05,1,5.32,1,2,8,2,5.32,10.64,42.56,10.64
0.42,1,6.28,1,2,8,2,6.28,12.56,50.24,12.56
-0.62,1,5.44,1,2,8,2,5.44,10.88,43.52,10.88
-6.1,1,7,0,2,8,2,0,14,56,14
-4.97,1,6.58,0,2,8,2,0,13.16,52.64,13.16
-3.92,1,5.22,0,2,8,2,0,10.44,41.76,10.44
-4.92,1,6.64,0,2,8,2,0,13.28,53.12,13.28
-3.77,1,5.94,0,2,8,2,0,11.88,47.52,11.88
-4.48,1,6.64,0,2,8,2,0,13.28,53.12,13.28
-3.47,1,6.12,0,2,8,2,0,12.24,48.96,12.24
-0.06,1,5.24,0,4,3,2,0,20.96,15.72,10.48
0.47,1,5.4,0,4,3,2,0,21.6,16.2,10.8
1.32,1,6.28,0,4,3,2,0,25.12,18.84,12.56
1.15,1,6.16,0,4,3,2,0,24.64,18.48,12.32
2.11,1,5.36,0,4,3,2,0,21.44,16.08,10.72
6.8,1,6.16,1,6,3,2,6.16,36.96,18.48,12.32
7.35,1,5.9,1,6,3,2,5.9,35.4,17.7,11.8
6.06,1,6.02,1,6,3,2,6.02,36.12,18.06,12.04
5.08,1,5.62,1,3,4,3,5.62,16.86,22.48,16.86
5.56,1,6.22,1,3,4,3,6.22,18.66,24.88,18.66
5.48,1,6.46,1,3,4,3,6.46,19.38,25.84,19.38
5.21,1,6.58,1,3,4,3,6.58,19.74,26.32,19.74
5.32,1,6.6,1,3,4,3,6.6,19.8,26.4,19.8
4.22,1,6.12,1,3,4,3,6.12,18.36,24.48,18.36
6,1,6.88,1,3,4,3,6.88,20.64,27.52,20.64
4.82,1,5.08,1,3,4,3,5.08,15.24,20.32,15.24
3.02,1,5.24,0,5,1,2,0,26.2,5.24,10.48
3.79,1,5.66,0,5,1,2,0,28.3,5.66,11.32
3.43,1,5.84,0,5,1,2,0,29.2,5.84,11.68
3.69,1,5.78,0,5,1,2,0,28.9,5.78,11.56
4.09,1,5.84,0,5,1,2,0,29.2,5.84,11.68
1.82,1,6.1,0,6,6,3,0,36.6,36.6,18.3
1.18,1,6.32,0,6,6,3,0,37.92,37.92,18.96
0.92,1,6.5,0,6,6,3,0,39,39,19.5
1.65,1,5.1,0,6,6,3,0,30.6,30.6,15.3
1.23,1,5.2,0,6,6,3,0,31.2,31.2,15.6
0.96,1,6.64,0,6,6,3,0,39.84,39.84,19.92
0.15,1,5.18,0,6,6,3,0,31.08,31.08,15.54
0.74,1,6.2,0,6,6,3,0,37.2,37.2,18.6
-1.69,1,5.76,1,2,7,1,5.76,11.52,40.32,5.76
-1.18,1,6.34,1,2,7,1,6.34,12.68,44.38,6.34
-2.06,1,5.8,1,2,7,1,5.8,11.6,40.6,5.8
-1.54,1,6.88,1,2,7,1,6.88,13.76,48.16,6.88
-1.37,1,5.48,1,2,7,1,5.48,10.96,38.36,5.48
-1.61,1,6.76,1,2,7,1,6.76,13.52,47.32,6.76
-0.1,1,6.38,1,2,7,1,6.38,12.76,44.66,6.38
-0.59,1,5.26,1,2,7,1,5.26,10.52,36.82,5.26
-0.17,1,5.6,1,2,7,1,5.6,11.2,39.2,5.6
-1.6,1,6.52,1,2,7,1,6.52,13.04,45.64,6.52
-0.56,1,5.62,1,2,7,1,5.62,11.24,39.34,5.62
-2.01,1,5.5,0,4,8,3,0,22,44,16.5
-1.71,1,5.14,0,4,8,3,0,20.56,41.12,15.42
-1.43,1,6.02,0,4,8,3,0,24.08,48.16,18.06
-2.53,1,6.92,0,4,8,3,0,27.68,55.36,20.76
-1.18,1,5.46,0,4,8,3,0,21.84,43.68,16.38
-2.54,1,5.32,0,4,8,3,0,21.28,42.56,15.96
-1.28,1,5.94,0,4,8,3,0,23.76,47.52,17.82
-0.97,1,5.34,0,4,8,3,0,21.36,42.72,16.02
-1.28,1,6.18,0,4,8,3,0,24.72,49.44,18.54
-1.96,1,5.06,0,4,8,3,0,20.24,40.48,15.18
-1.71,1,7,0,4,8,3,0,28,56,21
4.3,1,6.14,1,3,2,1,6.14,18.42,12.28,6.14
4.47,1,6.14,1,3,2,1,6.14,18.42,12.28,6.14
4.47,1,6.3,1,3,2,1,6.3,18.9,12.6,6.3
4.89,1,6.92,1,3,2,1,6.92,20.76,13.84,6.92
4.01,1,5.08,1,3,2,1,5.08,15.24,10.16,5.08
4.95,1,6.42,1,3,2,1,6.42,19.26,12.84,6.42
5.16,1,6.9,1,3,2,1,6.9,20.7,13.8,6.9
-2.71,1,6.56,0,4,7,2,0,26.24,45.92,13.12
-2.98,1,6.54,0,4,7,2,0,26.16,45.78,13.08
-2.51,1,6.32,0,4,7,2,0,25.28,44.24,12.64
-2.3,1,6.64,0,4,7,2,0,26.56,46.48,13.28
-1.31,1,5.58,0,4,7,2,0,22.32,39.06,11.16
-2.25,1,5.7,0,4,7,2,0,22.8,39.9,11.4
-1.01,1,6.84,0,6,5,1,0,41.04,34.2,6.84
-0.68,1,5.9,0,6,5,1,0,35.4,29.5,5.9
-0.52,1,6.62,0,6,5,1,0,39.72,33.1,6.62
-0.3,1,5.1,0,6,5,1,0,30.6,25.5,5.1
0.92,1,5.92,1,3,8,2,5.92,17.76,47.36,11.84
0.37,1,5.8,1,3,8,2,5.8,17.4,46.4,11.6
0.75,1,5.8,1,3,8,2,5.8,17.4,46.4,11.6
-1.51,1,5.26,0,2,6,2,0,10.52,31.56,10.52
-3.49,1,6.14,0,2,6,2,0,12.28,36.84,12.28
-3.41,1,6.36,0,2,6,2,0,12.72,38.16,12.72
-3.17,1,6.9,0,2,6,2,0,13.8,41.4,13.8
-2.29,1,5.16,0,2,6,2,0,10.32,30.96,10.32
-3,1,6.74,0,2,6,2,0,13.48,40.44,13.48
2.63,1,6.56,0,7,4,2,0,45.92,26.24,13.12
2.49,1,6.44,0,7,4,2,0,45.08,25.76,12.88
2.51,1,6.14,0,7,4,2,0,42.98,24.56,12.28
2.7,1,5.8,0,7,4,2,0,40.6,23.2,11.6
2.5,1,5.78,0,7,4,2,0,40.46,23.12,11.56
2.03,1,5.98,1,3,7,3,5.98,17.94,41.86,17.94
3.77,1,6.92,1,3,7,3,6.92,20.76,48.44,20.76
1.49,1,5.22,1,3,7,3,5.22,15.66,36.54,15.66
3.07,1,5.66,1,3,7,3,5.66,16.98,39.62,16.98
-4.52,1,5.5,0,4,9,1,0,22,49.5,5.5
-3.85,1,5.06,0,4,9,1,0,20.24,45.54,5.06
-6.04,1,6.56,0,4,9,1,0,26.24,59.04,6.56
-5.06,1,5.48,0,4,9,1,0,21.92,49.32,5.48
-4.58,1,5.22,0,4,9,1,0,20.88,46.98,5.22
-4.82,1,5.98,0,4,9,1,0,23.92,53.82,5.98
2.52,1,6.66,0,2,1,2,0,13.32,6.66,13.32
1.6,1,7,0,2,1,2,0,14,7,14
1.48,1,6.86,0,2,1,2,0,13.72,6.86,13.72
1.17,1,5.62,0,2,1,2,0,11.24,5.62,11.24
2.41,1,5.14,0,2,1,2,0,10.28,5.14,10.28
2.24,1,5.96,0,2,1,2,0,11.92,5.96,11.92
1.97,1,5.02,0,2,1,2,0,10.04,5.02,10.04
1.28,1,5.08,0,2,1,2,0,10.16,5.08,10.16
2.02,1,6.22,0,2,1,2,0,12.44,6.22,12.44
1.37,1,6.04,0,2,1,2,0,12.08,6.04,12.08
7.1,1,5.86,1,6,4,3,5.86,35.16,23.44,17.58
5.93,1,5.12,1,6,4,3,5.12,30.72,20.48,15.36
8.58,1,6.9,1,6,4,3,6.9,41.4,27.6,20.7
6.73,1,6.32,1,6,4,3,6.32,37.92,25.28,18.96
7.24,1,6.56,1,6,4,3,6.56,39.36,26.24,19.68
8.07,1,6.48,1,6,4,3,6.48,38.88,25.92,19.44
6.5,1,5.82,1,6,4,3,5.82,34.92,23.28,17.46
7.83,1,6.58,1,6,4,3,6.58,39.48,26.32,19.74
7.74,1,6.78,1,6,4,3,6.78,40.68,27.12,20.34
8.55,1,6.6,1,6,4,3,6.6,39.6,26.4,19.8
6.57,1,5.72,1,6,4,3,5.72,34.32,22.88,17.16
6.01,1,5.38,1,6,4,3,5.38,32.28,21.52,16.14
7.35,1,6.78,1,6,4,3,6.78,40.68,27.12,20.34
7.47,1,5.72,1,7,2,2,5.72,40.04,11.44,11.44
9.09,1,6.86,1,7,2,2,6.86,48.02,13.72,13.72
6.83,1,5.52,1,7,2,2,5.52,38.64,11.04,11.04
6.73,1,5.26,1,7,2,2,5.26,36.82,10.52,10.52
8.72,1,6.38,1,7,2,2,6.38,44.66,12.76,12.76
8.79,1,6.74,1,7,2,2,6.74,47.18,13.48,13.48
9.69,1,6.62,1,7,2,2,6.62,46.34,13.24,13.24
8.14,1,5.98,1,7,2,2,5.98,41.86,11.96,11.96
8.1,1,6.52,1,7,2,2,6.52,45.64,13.04,13.04
7.41,1,5.46,1,7,2,2,5.46,38.22,10.92,10.92
6.83,1,5.2,1,7,2,2,5.2,36.4,10.4,10.4
2.16,1,5.46,1,6,7,2,5.46,32.76,38.22,10.92
2.39,1,5.32,1,6,7,2,5.32,31.92,37.24,10.64
1.36,1,5.14,1,6,7,2,5.14,30.84,35.98,10.28
2.88,1,6.16,1,6,7,2,6.16,36.96,43.12,12.32
3.73,1,6.1,1,6,7,2,6.1,36.6,42.7,12.2
2.73,1,6.88,1,6,7,2,6.88,41.28,48.16,13.76
2.82,1,5.64,1,6,7,2,5.64,33.84,39.48,11.28
2.79,1,5.38,1,1,4,3,5.38,5.38,21.52,16.14
3.61,1,5.26,1,1,4,3,5.26,5.26,21.04,15.78
4.37,1,6.04,1,1,4,3,6.04,6.04,24.16,18.12
3.32,1,5.22,1,1,4,3,5.22,5.22,20.88,15.66
4.13,1,5.54,1,1,4,3,5.54,5.54,22.16,16.62
5.03,1,6.74,1,1,4,3,6.74,6.74,26.96,20.22
3.07,1,6.22,1,1,4,3,6.22,6.22,24.88,18.66
4.69,1,6.02,1,1,4,3,6.02,6.02,24.08,18.06
3.96,1,5.14,1,1,4,3,5.14,5.14,20.56,15.42
4.19,1,6.04,1,1,4,3,6.04,6.04,24.16,18.12
4.33,1,6.38,1,1,4,3,6.38,6.38,25.52,19.14
3.4,1,5.62,1,1,4,3,5.62,5.62,22.48,16.86
1.57,1,6.86,0,4,5,3,0,27.44,34.3,20.58
0.64,1,6.02,0,4,5,3,0,24.08,30.1,18.06
0.69,1,6.12,0,4,5,3,0,24.48,30.6,18.36
0.91,1,6.08,0,4,5,3,0,24.32,30.4,18.24
1.14,1,5.12,1,3,5,1,5.12,15.36,25.6,5.12
2.42,1,5.56,1,3,5,1,5.56,16.68,27.8,5.56
2.45,1,6,1,3,5,1,6,18,30,6
1.39,1,5.46,1,3,5,1,5.46,16.38,27.3,5.46
2.19,1,7,1,3,5,1,7,21,35,7
1.12,1,6.78,1,3,5,1,6.78,20.34,33.9,6.78
-1.05,1,6.02,0,2,3,1,0,12.04,18.06,6.02
-0.66,1,6.18,0,2,3,1,0,12.36,18.54,6.18
-0.77,1,5.12,0,2,3,1,0,10.24,15.36,5.12
0.04,1,5.42,0,2,3,1,0,10.84,16.26,5.42
-1.14,1,6.9,0,2,3,1,0,13.8,20.7,6.9
-1.35,1,5.92,0,2,3,1,0,11.84,17.76,5.92
-0.62,1,5.18,0,2,3,1,0,10.36,15.54,5.18
-1.12,1,6.64,0,2,3,1,0,13.28,19.92,6.64
-0.45,1,5.08,0,2,3,1,0,10.16,15.24,5.08
-1.65,1,6.16,0,2,3,1,0,12.32,18.48,6.16
-0.97,1,6.22,0,2,3,1,0,12.44,18.66,6.22
-2.33,1,6.54,1,1,9,2,6.54,6.54,58.86,13.08
-2.01,1,5.94,1,1,9,2,5.94,5.94,53.46,11.88
-1.27,1,5.68,1,1,9,2,5.68,5.68,51.12,11.36
-2.37,1,6.36,1,1,9,2,6.36,6.36,57.24,12.72
-2.23,1,6.74,1,1,9,2,6.74,6.74,60.66,13.48
2.56,1,6.12,1,5,7,2,6.12,30.6,42.84,12.24
1.17,1,5.4,1,5,7,2,5.4,27,37.8,10.8
2.55,1,5.28,1,5,7,2,5.28,26.4,36.96,10.56
1.94,1,5.12,1,5,7,2,5.12,25.6,35.84,10.24
2.34,1,5.98,1,5,7,2,5.98,29.9,41.86,11.96
2.84,1,5.5,1,5,7,2,5.5,27.5,38.5,11
1.49,1,5.48,1,5,7,2,5.48,27.4,38.36,10.96
1.89,1,5.08,1,5,7,2,5.08,25.4,35.56,10.16
2.77,1,5.86,1,5,7,2,5.86,29.3,41.02,11.72
2.65,1,6.1,1,5,7,2,6.1,30.5,42.7,12.2
1.62,1,5.86,1,5,7,2,5.86,29.3,41.02,11.72
0.91,1,5.42,1,5,7,2,5.42,27.1,37.94,10.84
4.12,1,6.78,1,2,5,3,6.78,13.56,33.9,20.34
4.54,1,6.78,1,2,5,3,6.78,13.56,33.9,20.34
3.5,1,5.14,1,2,5,3,5.14,10.28,25.7,15.42
3.33,1,5.26,1,2,5,3,5.26,10.52,26.3,15.78
4.26,1,6.7,1,2,5,3,6.7,13.4,33.5,20.1
3.14,1,5.04,1,2,5,3,5.04,10.08,25.2,15.12
3.57,1,6.26,1,2,5,3,6.26,12.52,31.3,18.78
3.94,1,6.56,1,2,5,3,6.56,13.12,32.8,19.68
3.87,1,5.98,1,2,5,3,5.98,11.96,29.9,17.94
3.29,1,5.54,1,2,5,3,5.54,11.08,27.7,16.62
3.2,1,5.14,1,2,5,3,5.14,10.28,25.7,15.42
3.7,1,6.36,1,2,5,3,6.36,12.72,31.8,19.08
0.15,1,5.82,1,5,8,1,5.82,29.1,46.56,5.82
-0.11,1,5.62,1,5,8,1,5.62,28.1,44.96,5.62
-0.27,1,5.26,1,5,8,1,5.26,26.3,42.08,5.26
0.1,1,5.54,1,5,8,1,5.54,27.7,44.32,5.54
0.53,1,6.8,1,5,8,1,6.8,34,54.4,6.8
0.62,1,5.92,1,5,8,2,5.92,29.6,47.36,11.84
0.19,1,5.1,1,5,8,2,5.1,25.5,40.8,10.2
0.85,1,5.04,1,5,8,2,5.04,25.2,40.32,10.08
2.58,1,6.58,1,5,8,2,6.58,32.9,52.64,13.16
1.72,1,6.02,1,5,8,2,6.02,30.1,48.16,12.04
1.69,1,6.86,1,5,8,2,6.86,34.3,54.88,13.72
2.04,1,5.92,1,3,8,3,5.92,17.76,47.36,17.76
2.85,1,6.04,1,3,8,3,6.04,18.12,48.32,18.12
1.45,1,5.7,1,3,8,3,5.7,17.1,45.6,17.1
5.65,1,6.44,1,7,4,2,6.44,45.08,25.76,12.88
4.77,1,5.22,1,7,4,2,5.22,36.54,20.88,10.44
7.28,1,6.8,1,7,4,2,6.8,47.6,27.2,13.6
6.42,1,6.34,1,7,4,2,6.34,44.38,25.36,12.68
5.71,1,5.74,1,7,4,2,5.74,40.18,22.96,11.48
5.74,1,5.84,1,7,4,2,5.84,40.88,23.36,11.68
6.12,1,6.44,1,7,4,2,6.44,45.08,25.76,12.88
6.88,1,6.96,1,7,4,2,6.96,48.72,27.84,13.92
0.35,1,6.64,0,5,4,1,0,33.2,26.56,6.64
0.65,1,5.22,0,5,4,1,0,26.1,20.88,5.22
-1.32,1,6.38,0,5,4,1,0,31.9,25.52,6.38
-0.34,1,5.26,0,5,4,1,0,26.3,21.04,5.26
-1.25,1,6.84,0,5,4,1,0,34.2,27.36,6.84
-0.15,1,6.94,0,5,4,1,0,34.7,27.76,6.94
-0.97,1,6.28,0,5,4,1,0,31.4,25.12,6.28
-0.98,1,5.4,0,5,4,1,0,27,21.6,5.4
-0.27,1,5.08,0,5,4,1,0,25.4,20.32,5.08
3.44,1,5.98,1,4,3,1,5.98,23.92,17.94,5.98
4.71,1,5.64,1,4,3,1,5.64,22.56,16.92,5.64
3.75,1,6.14,1,4,3,1,6.14,24.56,18.42,6.14
4.7,1,6.02,1,4,3,1,6.02,24.08,18.06,6.02
1.66,1,5.28,1,1,7,3,5.28,5.28,36.96,15.84
1.8,1,6.42,1,1,7,3,6.42,6.42,44.94,19.26
2.08,1,6.68,1,1,7,3,6.68,6.68,46.76,20.04
0.48,1,5.92,1,1,7,3,5.92,5.92,41.44,17.76
1.15,1,6.3,1,1,7,3,6.3,6.3,44.1,18.9
0.9,1,5.02,1,1,7,3,5.02,5.02,35.14,15.06
1.59,1,5.34,1,1,7,3,5.34,5.34,37.38,16.02
1.08,1,6.3,1,1,7,3,6.3,6.3,44.1,18.9
1.62,1,5.58,1,1,7,3,5.58,5.58,39.06,16.74
0.8,1,6.42,1,1,7,3,6.42,6.42,44.94,19.26
0.17,1,5.88,0,2,3,2,0,11.76,17.64,11.76
-0.15,1,5.92,0,2,3,2,0,11.84,17.76,11.84
-0.06,1,6.34,0,2,3,2,0,12.68,19.02,12.68
-0.27,1,6,0,2,3,2,0,12,18,12
0.3,1,5.62,0,2,3,2,0,11.24,16.86,11.24
0.99,1,5.12,0,2,3,2,0,10.24,15.36,10.24
1.04,1,5.36,0,2,3,2,0,10.72,16.08,10.72
1.44,1,5.28,0,2,3,2,0,10.56,15.84,10.56
0.52,1,5.34,0,2,3,2,0,10.68,16.02,10.68
0.69,1,5.38,0,2,3,2,0,10.76,16.14,10.76
0.82,1,5.12,0,2,3,2,0,10.24,15.36,10.24
-0.57,1,6.62,0,2,3,2,0,13.24,19.86,13.24
-0.37,1,5.22,0,4,4,1,0,20.88,20.88,5.22
-1.93,1,6.5,0,4,4,1,0,26,26,6.5
-0.67,1,6.08,0,4,4,1,0,24.32,24.32,6.08
-1.07,1,5.44,0,4,4,1,0,21.76,21.76,5.44
-0.97,1,6.14,0,4,4,1,0,24.56,24.56,6.14
-1.32,1,6.32,0,4,4,1,0,25.28,25.28,6.32
0.58,1,5.3,0,4,4,1,0,21.2,21.2,5.3
-1.11,1,5.44,0,4,4,1,0,21.76,21.76,5.44
-1.1,1,5.74,0,4,4,1,0,22.96,22.96,5.74
-0.63,1,5.22,0,4,4,1,0,20.88,20.88,5.22
-0.8,1,5.24,0,4,4,1,0,20.96,20.96,5.24
-5.2,1,6.4,0,4,8,1,0,25.6,51.2,6.4
-6.14,1,6.76,0,4,8,1,0,27.04,54.08,6.76
-4.08,1,6,0,4,8,1,0,24,48,6
-6.03,1,6.7,0,4,8,1,0,26.8,53.6,6.7
-4.25,1,5.98,0,4,8,1,0,23.92,47.84,5.98
-3.13,1,5.02,0,4,8,1,0,20.08,40.16,5.02
-5.21,1,6.6,0,4,8,1,0,26.4,52.8,6.6
4.64,1,5.42,1,5,4,2,5.42,27.1,21.68,10.84
4.88,1,6.48,1,5,4,2,6.48,32.4,25.92,12.96
4.8,1,5.52,1,5,4,2,5.52,27.6,22.08,11.04
4.22,1,5.6,1,5,4,2,5.6,28,22.4,11.2
-1.77,1,5.54,0,5,7,2,0,27.7,38.78,11.08
-0.98,1,5.7,0,5,7,2,0,28.5,39.9,11.4
-1.75,1,6.46,0,5,7,2,0,32.3,45.22,12.92
-1.34,1,5.3,0,5,7,2,0,26.5,37.1,10.6
-1.29,1,6.16,0,5,7,2,0,30.8,43.12,12.32
-1.41,1,5.64,0,5,7,2,0,28.2,39.48,11.28
-2.08,1,6.76,0,5,7,2,0,33.8,47.32,13.52
-1.49,1,5,0,5,7,2,0,25,35,10
4.21,1,6.62,1,5,6,2,6.62,33.1,39.72,13.24
3.56,1,6.86,1,5,6,2,6.86,34.3,41.16,13.72
2.54,1,6.26,1,5,6,2,6.26,31.3,37.56,12.52
1.78,1,5.04,1,5,6,2,5.04,25.2,30.24,10.08
2.65,1,5.18,1,5,6,2,5.18,25.9,31.08,10.36
3.73,1,6.74,1,5,6,2,6.74,33.7,40.44,13.48
4.18,1,6.7,1,5,6,2,6.7,33.5,40.2,13.4
3.55,1,5.24,1,5,6,2,5.24,26.2,31.44,10.48
2.92,1,6.34,1,5,6,2,6.34,31.7,38.04,12.68
2.8,1,5.94,1,5,6,2,5.94,29.7,35.64,11.88
3.67,1,5.94,1,5,6,2,5.94,29.7,35.64,11.88
3.06,1,5.34,1,5,6,2,5.34,26.7,32.04,10.68
1.88,1,5.58,0,1,1,3,0,5.58,5.58,16.74
2.23,1,5.84,0,1,1,3,0,5.84,5.84,17.52
2.63,1,5.38,0,1,1,3,0,5.38,5.38,16.14
2.64,1,6.1,0,1,1,3,0,6.1,6.1,18.3
3,1,5.64,0,1,1,3,0,5.64,5.64,16.92
3.1,1,6.18,0,1,1,3,0,6.18,6.18,18.54
2.59,1,6.74,0,1,1,3,0,6.74,6.74,20.22
3.11,1,5.52,0,1,1,3,0,5.52,5.52,16.56
1.98,1,5.2,0,1,1,3,0,5.2,5.2,15.6
2.49,1,5.1,0,1,1,3,0,5.1,5.1,15.3
2,1,6.62,0,1,1,3,0,6.62,6.62,19.86
3.38,1,5.2,0,1,1,3,0,5.2,5.2,15.6
2.78,1,5.92,0,1,1,3,0,5.92,5.92,17.76
-2.83,1,6.66,0,4,7,2,0,26.64,46.62,13.32
-1.4,1,5.88,0,4,7,2,0,23.52,41.16,11.76
-1.28,1,5.34,0,4,7,2,0,21.36,37.38,10.68
-2.26,1,5.98,0,4,7,2,0,23.92,41.86,11.96
-1.49,1,5.08,0,4,7,2,0,20.32,35.56,10.16
-2.06,1,5.88,0,4,7,2,0,23.52,41.16,11.76
-1.31,1,5.32,0,4,7,2,0,21.28,37.24,10.64
-2.57,1,6.92,0,4,7,2,0,27.68,48.44,13.84
-4.02,1,6.92,0,4,7,2,0,27.68,48.44,13.84
-2.02,1,5.42,0,4,7,2,0,21.68,37.94,10.84
-3.32,1,6.18,0,4,7,2,0,24.72,43.26,12.36
-2.17,1,5.62,0,4,7,2,0,22.48,39.34,11.24
4.65,1,6,0,7,3,3,0,42,18,18
5.65,1,5.92,0,7,3,3,0,41.44,17.76,17.76
5.34,1,6.1,0,7,3,3,0,42.7,18.3,18.3
4.28,1,6.06,0,7,3,3,0,42.42,18.18,18.18
4.19,1,5.46,0,7,3,3,0,38.22,16.38,16.38
3.69,1,6.84,1,2,5,2,6.84,13.68,34.2,13.68
2.48,1,5.42,1,2,5,2,5.42,10.84,27.1,10.84
3.03,1,6.94,1,2,5,2,6.94,13.88,34.7,13.88
-1.02,1,5.14,0,5,4,1,0,25.7,20.56,5.14
-0.77,1,5.86,0,5,4,1,0,29.3,23.44,5.86
-0.38,1,6.9,0,5,4,1,0,34.5,27.6,6.9
-0.14,1,5.56,0,5,4,1,0,27.8,22.24,5.56
-0.25,1,6.48,0,5,4,1,0,32.4,25.92,6.48
0.28,1,6,0,5,4,1,0,30,24,6
-0.5,1,5.16,0,5,4,1,0,25.8,20.64,5.16
0.36,1,5.28,0,5,4,1,0,26.4,21.12,5.28
-0.04,1,5.18,0,5,4,1,0,25.9,20.72,5.18
-0.79,1,5.66,0,5,4,1,0,28.3,22.64,5.66
-0.19,1,5.66,0,5,4,1,0,28.3,22.64,5.66
-0.59,1,5.04,0,5,4,1,0,25.2,20.16,5.04
-1.82,1,6.9,0,5,4,1,0,34.5,27.6,6.9
0.16,1,5.56,0,4,6,3,0,22.24,33.36,16.68
-0.12,1,5.32,0,4,6,3,0,21.28,31.92,15.96
0.25,1,6.9,0,4,6,3,0,27.6,41.4,20.7
0.01,1,5.1,0,4,6,3,0,20.4,30.6,15.3
3.35,1,6.68,1,3,5,2,6.68,20.04,33.4,13.36
3.23,1,6.86,1,3,5,2,6.86,20.58,34.3,13.72
2.37,1,5.32,1,3,5,2,5.32,15.96,26.6,10.64
3.99,1,6.04,1,3,5,2,6.04,18.12,30.2,12.08
3.34,1,6.86,1,3,5,2,6.86,20.58,34.3,13.72
-1.27,1,6.78,0,5,7,3,0,33.9,47.46,20.34
-1.81,1,5.54,0,5,7,3,0,27.7,38.78,16.62
-0.56,1,5.52,0,5,7,3,0,27.6,38.64,16.56
-0.03,1,5.64,0,5,7,3,0,28.2,39.48,16.92
-0.74,1,6.2,0,5,7,3,0,31,43.4,18.6
-0.25,1,6.84,0,5,7,3,0,34.2,47.88,20.52
-0.32,1,5.32,0,5,7,3,0,26.6,37.24,15.96
-0.74,1,6.16,0,5,7,3,0,30.8,43.12,18.48
0.2,1,6.84,0,5,7,3,0,34.2,47.88,20.52
-0.88,1,5.94,0,5,7,3,0,29.7,41.58,17.82
6.28,1,5,1,2,1,3,5,10,5,15
7.4,1,6.5,1,2,1,3,6.5,13,6.5,19.5
7.66,1,6.3,1,2,1,3,6.3,12.6,6.3,18.9
6.85,1,5.2,1,2,1,3,5.2,10.4,5.2,15.6
7.84,1,6.98,1,2,1,3,6.98,13.96,6.98,20.94
7.76,1,6.3,1,2,1,3,6.3,12.6,6.3,18.9
5.74,1,5.34,1,2,1,3,5.34,10.68,5.34,16.02
6.76,1,5.02,1,2,1,3,5.02,10.04,5.02,15.06
7.17,1,6.32,1,2,1,3,6.32,12.64,6.32,18.96
5.59,1,5.7,1,2,1,3,5.7,11.4,5.7,17.1
2.73,1,6.66,1,2,3,1,6.66,13.32,19.98,6.66
2.81,1,6.2,1,2,3,1,6.2,12.4,18.6,6.2
2.39,1,5.1,1,2,3,1,5.1,10.2,15.3,5.1
2.58,1,6.22,1,2,3,1,6.22,12.44,18.66,6.22
3.24,1,6.2,1,2,3,1,6.2,12.4,18.6,6.2
2.17,1,5.8,1,2,3,1,5.8,11.6,17.4,5.8
2.41,1,5.46,1,2,3,1,5.46,10.92,16.38,5.46
3.01,1,6.24,1,2,3,1,6.24,12.48,18.72,6.24
2.04,1,5.34,1,2,3,1,5.34,10.68,16.02,5.34
3.27,1,6.14,0,3,2,3,0,18.42,12.28,18.42
0.98,1,6.86,0,3,2,3,0,20.58,13.72,20.58
3.11,1,5.56,0,3,2,3,0,16.68,11.12,16.68
3.73,1,5.78,0,3,2,3,0,17.34,11.56,17.34
3.39,1,6.84,0,3,2,3,0,20.52,13.68,20.52
4.63,1,6,1,6,5,2,6,36,30,12
4.06,1,5.6,1,6,5,2,5.6,33.6,28,11.2
5.68,1,6.7,1,6,5,2,6.7,40.2,33.5,13.4
4.21,1,6.5,1,6,5,2,6.5,39,32.5,13
5.64,1,6.76,1,6,5,2,6.76,40.56,33.8,13.52
4.54,1,6.14,1,6,5,2,6.14,36.84,30.7,12.28
4.39,1,6.28,1,6,5,2,6.28,37.68,31.4,12.56
5.01,1,6.36,1,6,5,2,6.36,38.16,31.8,12.72
5.31,1,6.56,1,6,5,2,6.56,39.36,32.8,13.12
3.96,1,6.26,1,2,4,2,6.26,12.52,25.04,12.52
3.4,1,5.66,1,2,4,2,5.66,11.32,22.64,11.32
3.09,1,6.56,1,2,4,2,6.56,13.12,26.24,13.12
-1.48,1,6.64,1,2,9,2,6.64,13.28,59.76,13.28
-1.33,1,5.96,1,2,9,2,5.96,11.92,53.64,11.92
-1.71,1,6.86,1,2,9,2,6.86,13.72,61.74,13.72
4.38,1,5.02,1,5,2,1,5.02,25.1,10.04,5.02
5.85,1,6.94,1,5,2,1,6.94,34.7,13.88,6.94
5.3,1,6.74,1,5,2,1,6.74,33.7,13.48,6.74
5.91,1,6.84,1,5,2,1,6.84,34.2,13.68,6.84
5.18,1,5.92,1,5,2,1,5.92,29.6,11.84,5.92
4.48,1,5.62,1,5,2,1,5.62,28.1,11.24,5.62
5.79,1,6.06,1,5,2,1,6.06,30.3,12.12,6.06
4.49,1,5.48,1,5,2,1,5.48,27.4,10.96,5.48
-0.38,1,5.2,0,2,3,2,0,10.4,15.6,10.4
0.71,1,5.12,0,2,3,2,0,10.24,15.36,10.24
0.9,1,5.04,0,2,3,2,0,10.08,15.12,10.08
-0.11,1,6.94,0,2,3,2,0,13.88,20.82,13.88
0.19,1,6.72,0,2,3,2,0,13.44,20.16,13.44
-0.29,1,6.54,0,2,3,2,0,13.08,19.62,13.08
-0.01,1,5.86,0,2,3,2,0,11.72,17.58,11.72
1.08,1,5.06,0,2,3,2,0,10.12,15.18,10.12
-3.81,1,6,0,4,9,3,0,24,54,18
-1.96,1,5.16,0,4,9,3,0,20.64,46.44,15.48
-2.37,1,5.7,0,4,9,3,0,22.8,51.3,17.1
-2.02,1,5.3,0,4,9,3,0,21.2,47.7,15.9
-2.76,1,6.02,0,4,9,3,0,24.08,54.18,18.06
-2.19,1,6.8,0,4,9,3,0,27.2,61.2,20.4
7.48,1,6.52,1,3,2,3,6.52,19.56,13.04,19.56
8.22,1,6.94,1,3,2,3,6.94,20.82,13.88,20.82
8.41,1,6.24,1,3,2,3,6.24,18.72,12.48,18.72
6.04,1,5.6,1,3,2,3,5.6,16.8,11.2,16.8
5.62,1,5.44,1,3,2,3,5.44,16.32,10.88,16.32
7.11,1,6.4,1,3,2,3,6.4,19.2,12.8,19.2
3.5,1,5.44,1,6,7,3,5.44,32.64,38.08,16.32
3.91,1,5.28,1,6,7,3,5.28,31.68,36.96,15.84
5.06,1,6.44,1,6,7,3,6.44,38.64,45.08,19.32
5.36,1,6.82,1,6,7,3,6.82,40.92,47.74,20.46
3.81,1,5.76,1,6,7,3,5.76,34.56,40.32,17.28
4.44,1,6.66,1,6,7,3,6.66,39.96,46.62,19.98
5.55,1,6.62,1,6,7,3,6.62,39.72,46.34,19.86
5.02,1,6.34,1,6,7,3,6.34,38.04,44.38,19.02
3.72,1,5.44,1,6,7,3,5.44,32.64,38.08,16.32
4.9,1,6.58,1,6,7,3,6.58,39.48,46.06,19.74
3.42,1,6.98,1,3,4,1,6.98,20.94,27.92,6.98
2.51,1,6.72,1,3,4,1,6.72,20.16,26.88,6.72
3.39,1,6.52,1,3,4,1,6.52,19.56,26.08,6.52
2.19,1,5.3,1,3,4,1,5.3,15.9,21.2,5.3
2.86,1,6.82,1,3,4,1,6.82,20.46,27.28,6.82
1.72,1,5.02,1,3,4,1,5.02,15.06,20.08,5.02
2.77,1,6.2,1,3,4,1,6.2,18.6,24.8,6.2
-4.99,1,6.22,0,1,8,2,0,6.22,49.76,12.44
-3.71,1,5.02,0,1,8,2,0,5.02,40.16,10.04
-5.03,1,6.1,0,1,8,2,0,6.1,48.8,12.2
-5.13,1,5.88,0,1,8,2,0,5.88,47.04,11.76
3,1,5.26,0,4,3,3,0,21.04,15.78,15.78
2.63,1,6.32,0,4,3,3,0,25.28,18.96,18.96
2.73,1,6.84,0,4,3,3,0,27.36,20.52,20.52
2.42,1,5.78,0,4,3,3,0,23.12,17.34,17.34
2.34,1,6.36,0,4,3,3,0,25.44,19.08,19.08
3.1,1,5.32,0,4,3,3,0,21.28,15.96,15.96
2.92,1,6.14,0,4,3,3,0,24.56,18.42,18.42
3.11,1,5.98,0,4,3,3,0,23.92,17.94,17.94
5.94,1,6.86,1,5,3,1,6.86,34.3,20.58,6.86
3.17,1,5.32,1,5,3,1,5.32,26.6,15.96,5.32
4.82,1,6.88,1,5,3,1,6.88,34.4,20.64,6.88
4.2,1,5.8,1,5,3,1,5.8,29,17.4,5.8
4.43,1,6.1,1,5,3,1,6.1,30.5,18.3,6.1
4.18,1,6.24,1,5,3,1,6.24,31.2,18.72,6.24
4.7,1,5.46,1,5,3,1,5.46,27.3,16.38,5.46
5.2,1,6.5,1,5,3,1,6.5,32.5,19.5,6.5
5.09,1,6.82,1,5,3,1,6.82,34.1,20.46,6.82
3.81,1,6.7,1,2,4,2,6.7,13.4,26.8,13.4
2.43,1,5.38,1,2,4,2,5.38,10.76,21.52,10.76
2.12,1,5.14,1,2,4,2,5.14,10.28,20.56,10.28
3.92,1,6.36,1,2,4,2,6.36,12.72,25.44,12.72
2.77,1,6.16,1,2,4,2,6.16,12.32,24.64,12.32
4.9,1,6.72,1,2,4,2,6.72,13.44,26.88,13.44
3.54,1,5.62,1,2,4,2,5.62,11.24,22.48,11.24
2.92,1,5.16,1,2,4,2,5.16,10.32,20.64,10.32
5.31,1,5.94,1,6,6,3,5.94,35.64,35.64,17.82
4.22,1,5.88,1,6,6,3,5.88,35.28,35.28,17.64
5.01,1,6.08,1,6,6,3,6.08,36.48,36.48,18.24
5.7,1,6.04,1,6,6,3,6.04,36.24,36.24,18.12
4.96,1,5.46,1,6,6,3,5.46,32.76,32.76,16.38
4.49,1,6.2,1,6,6,3,6.2,37.2,37.2,18.6
4.33,1,5.76,1,6,6,3,5.76,34.56,34.56,17.28
-0.61,1,6.18,0,2,2,1,0,12.36,12.36,6.18
-0.02,1,5.7,0,2,2,1,0,11.4,11.4,5.7
0.21,1,5.7,0,2,2,1,0,11.4,11.4,5.7
8.9,1,6.42,1,6,2,3,6.42,38.52,12.84,19.26
7.89,1,5.54,1,6,2,3,5.54,33.24,11.08,16.62
9.63,1,6.58,1,6,2,3,6.58,39.48,13.16,19.74
8.34,1,5.46,1,6,2,3,5.46,32.76,10.92,16.38
7.82,1,5.66,1,6,2,3,5.66,33.96,11.32,16.98
7.6,1,5.34,1,6,2,3,5.34,32.04,10.68,16.02
8.95,1,6.4,1,6,2,3,6.4,38.4,12.8,19.2
-2.01,1,6.56,0,4,6,2,0,26.24,39.36,13.12
-0.94,1,5.12,0,4,6,2,0,20.48,30.72,10.24
-1.62,1,6.44,0,4,6,2,0,25.76,38.64,12.88
-1.12,1,5.94,0,4,6,2,0,23.76,35.64,11.88
-0.93,1,6.24,0,4,6,2,0,24.96,37.44,12.48
-1.93,1,6.56,0,4,6,2,0,26.24,39.36,13.12
-2.02,1,6.92,0,4,6,2,0,27.68,41.52,13.84
-2.08,1,5.58,0,4,6,2,0,22.32,33.48,11.16
-0.51,1,6.4,0,4,6,2,0,25.6,38.4,12.8
-1.17,1,5.72,0,4,6,2,0,22.88,34.32,11.44
-1.88,1,6.44,0,4,6,2,0,25.76,38.64,12.88
-1.57,1,5.58,0,4,6,2,0,22.32,33.48,11.16
-0.92,1,6.26,0,4,6,2,0,25.04,37.56,12.52
3.83,1,6.18,1,3,4,2,6.18,18.54,24.72,12.36
4.52,1,6.06,1,3,4,2,6.06,18.18,24.24,12.12
3.43,1,6.12,1,3,4,2,6.12,18.36,24.48,12.24
3.56,1,6.46,1,3,4,2,6.46,19.38,25.84,12.92
3.64,1,5.14,1,3,4,2,5.14,15.42,20.56,10.28
3.71,1,6.92,1,3,4,2,6.92,20.76,27.68,13.84
4.97,1,6.68,1,3,4,2,6.68,20.04,26.72,13.36
3.53,1,5.06,1,3,4,2,5.06,15.18,20.24,10.12
3.06,1,5.3,1,3,4,2,5.3,15.9,21.2,10.6
3.44,1,5.58,1,3,4,2,5.58,16.74,22.32,11.16
3.01,1,5.38,1,3,4,2,5.38,16.14,21.52,10.76
3.98,1,6.02,1,3,4,2,6.02,18.06,24.08,12.04
5.51,1,5.76,1,2,1,2,5.76,11.52,5.76,11.52
4.81,1,5.66,1,2,1,2,5.66,11.32,5.66,11.32
5.73,1,5.62,1,2,1,2,5.62,11.24,5.62,11.24
5.6,1,5.22,1,2,1,2,5.22,10.44,5.22,10.44
5.61,1,5.54,1,2,1,2,5.54,11.08,5.54,11.08
6.41,1,6,1,2,1,2,6,12,6,12
5.94,1,6.04,1,2,1,2,6.04,12.08,6.04,12.08
6.86,1,6.7,1,2,1,2,6.7,13.4,6.7,13.4
3.82,1,5.28,1,2,1,2,5.28,10.56,5.28,10.56
0.04,1,5.78,0,6,6,2,0,34.68,34.68,11.56
-0.22,1,6.38,0,6,6,2,0,38.28,38.28,12.76
0.43,1,6.52,0,6,6,2,0,39.12,39.12,13.04
0.18,1,6.68,0,6,6,2,0,40.08,40.08,13.36
0.96,1,5.66,0,6,6,2,0,33.96,33.96,11.32
0.76,1,6.88,0,6,6,3,0,41.28,41.28,20.64
0.8,1,6.26,0,6,6,3,0,37.56,37.56,18.78
0.01,1,5.06,0,6,6,3,0,30.36,30.36,15.18
1.24,1,6.72,0,6,6,3,0,40.32,40.32,20.16
0.87,1,6.36,0,6,6,3,0,38.16,38.16,19.08
0.74,1,5.9,0,6,6,3,0,35.4,35.4,17.7
0.3,1,5.1,0,6,6,3,0,30.6,30.6,15.3
0.36,1,5.58,0,6,6,3,0,33.48,33.48,16.74
0.67,1,6.04,0,6,6,3,0,36.24,36.24,18.12
0.81,1,6.18,0,6,6,3,0,37.08,37.08,18.54
1.3,1,6.2,0,6,6,3,0,37.2,37.2,18.6
1.55,1,5.82,0,6,6,3,0,34.92,34.92,17.46
6.57,1,5.38,1,4,2,3,5.38,21.52,10.76,16.14
6.01,1,5.08,1,4,2,3,5.08,20.32,10.16,15.24
8.66,1,7,1,4,2,3,7,28,14,21
6.35,1,5.34,1,4,2,3,5.34,21.36,10.68,16.02
8.17,1,6.72,1,4,2,3,6.72,26.88,13.44,20.16
9.12,1,6.94,1,4,2,3,6.94,27.76,13.88,20.82
6.9,1,5.76,1,4,2,3,5.76,23.04,11.52,17.28
7.03,1,5.54,1,4,2,3,5.54,22.16,11.08,16.62
7.43,1,5.92,1,4,2,3,5.92,23.68,11.84,17.76
8.46,1,6.72,1,4,2,3,6.72,26.88,13.44,20.16
8.47,1,6.94,1,4,2,3,6.94,27.76,13.88,20.82
7.28,1,5.94,1,4,2,3,5.94,23.76,11.88,17.82
8.34,1,6.52,1,4,2,3,6.52,26.08,13.04,19.56
-0.03,1,5.96,0,3,6,3,0,17.88,35.76,17.88
-0.23,1,5.86,0,3,6,3,0,17.58,35.16,17.58
0.32,1,5.08,0,3,6,3,0,15.24,30.48,15.24
-1.14,1,6.24,0,3,6,3,0,18.72,37.44,18.72
-0.37,1,5.96,0,3,6,3,0,17.88,35.76,17.88
5.22,1,6.12,1,4,2,1,6.12,24.48,12.24,6.12
5.46,1,5.98,1,4,2,1,5.98,23.92,11.96,5.98
6.16,1,6.54,1,4,2,1,6.54,26.16,13.08,6.54
4.26,1,6,1,4,2,1,6,24,12,6
-1,1,6.48,0,6,8,3,0,38.88,51.84,19.44
-0.42,1,6.54,0,6,8,3,0,39.24,52.32,19.62
-0.63,1,6.62,0,6,8,3,0,39.72,52.96,19.86
-0.3,1,6.92,0,6,8,3,0,41.52,55.36,20.76
-0.84,1,5.56,0,6,8,3,0,33.36,44.48,16.68
-0.58,1,6.2,0,6,8,3,0,37.2,49.6,18.6
4.06,1,6.42,1,6,6,2,6.42,38.52,38.52,12.84
4.25,1,5.96,1,6,6,2,5.96,35.76,35.76,11.92
2.63,1,5.02,1,6,6,2,5.02,30.12,30.12,10.04
4.2,1,6,1,6,6,2,6,36,36,12
3.25,1,5.38,1,6,6,2,5.38,32.28,32.28,10.76
3.5,1,5.9,1,6,6,2,5.9,35.4,35.4,11.8
3.43,1,5.72,1,6,6,2,5.72,34.32,34.32,11.44
4.64,1,6.88,1,6,6,2,6.88,41.28,41.28,13.76
3.81,1,6.24,1,6,6,2,6.24,37.44,37.44,12.48
4.49,1,6.94,1,6,6,2,6.94,41.64,41.64,13.88
4.92,1,6.92,1,6,6,2,6.92,41.52,41.52,13.84
-6.15,1,6.8,0,2,8,1,0,13.6,54.4,6.8
-5.14,1,5.14,0,2,8,1,0,10.28,41.12,5.14
-5.94,1,6.18,0,2,8,1,0,12.36,49.44,6.18
-6.11,1,6.34,0,2,8,1,0,12.68,50.72,6.34
-6.48,1,6.52,0,2,8,1,0,13.04,52.16,6.52
-4.4,1,5.44,0,2,8,1,0,10.88,43.52,5.44
-2.98,1,6.16,0,2,7,2,0,12.32,43.12,12.32
-3.93,1,6.14,0,2,7,2,0,12.28,42.98,12.28
-4.21,1,6.74,0,2,7,2,0,13.48,47.18,13.48
-3.41,1,6.5,0,2,7,2,0,13,45.5,13
-3.13,1,5.18,0,2,7,2,0,10.36,36.26,10.36
-2.88,1,6.12,0,2,7,2,0,12.24,42.84,12.24
-3.06,1,5.72,0,2,7,2,0,11.44,40.04,11.44
-3.73,1,6.54,0,2,7,2,0,13.08,45.78,13.08
-3.65,1,5.8,0,2,7,2,0,11.6,40.6,11.6
-3.37,1,5.42,0,2,7,2,0,10.84,37.94,10.84
-3.4,1,5.98,0,2,7,2,0,11.96,41.86,11.96
-4.02,1,7,0,2,7,2,0,14,49,14
6.91,1,5.68,1,5,1,2,5.68,28.4,5.68,11.36
7.01,1,5.7,1,5,1,2,5.7,28.5,5.7,11.4
7.45,1,6.12,1,5,1,2,6.12,30.6,6.12,12.24
7.2,1,5.78,1,5,1,2,5.78,28.9,5.78,11.56
7.66,1,6.68,1,5,1,2,6.68,33.4,6.68,13.36
7.44,1,5.74,1,5,1,2,5.74,28.7,5.74,11.48
7.75,1,6.54,1,5,1,2,6.54,32.7,6.54,13.08
8.8,1,6.92,1,5,1,2,6.92,34.6,6.92,13.84
7.95,1,5.94,1,5,1,2,5.94,29.7,5.94,11.88
6.41,1,5.04,1,5,1,2,5.04,25.2,5.04,10.08
6.83,1,5.86,1,5,1,2,5.86,29.3,5.86,11.72
4.6,1,5.82,1,1,1,2,5.82,5.82,5.82,11.64
5.14,1,5.64,1,1,1,2,5.64,5.64,5.64,11.28
5.42,1,5.32,1,1,1,2,5.32,5.32,5.32,10.64
6.12,1,6.38,1,1,1,2,6.38,6.38,6.38,12.76
6.08,1,6.78,1,1,1,2,6.78,6.78,6.78,13.56
5.53,1,6.24,1,1,1,2,6.24,6.24,6.24,12.48
5.93,1,6.78,1,1,1,2,6.78,6.78,6.78,13.56
6.14,1,6.46,1,1,1,2,6.46,6.46,6.46,12.92
5.42,1,6.58,1,1,1,2,6.58,6.58,6.58,13.16
5.37,1,6.3,1,1,1,2,6.3,6.3,6.3,12.6
4.45,1,5.02,1,1,1,2,5.02,5.02,5.02,10.04
4.97,1,5.68,1,1,1,2,5.68,5.68,5.68,11.36
2.3,1,5.06,1,5,6,2,5.06,25.3,30.36,10.12
4.06,1,6.8,1,5,6,2,6.8,34,40.8,13.6
3.03,1,5.12,1,5,6,2,5.12,25.6,30.72,10.24
2.61,1,5.2,1,5,6,2,5.2,26,31.2,10.4
1.82,1,5.1,1,5,6,2,5.1,25.5,30.6,10.2
2.92,1,6.06,1,5,6,2,6.06,30.3,36.36,12.12
2.6,1,5.58,1,5,6,2,5.58,27.9,33.48,11.16
3.35,1,5.6,1,5,6,2,5.6,28,33.6,11.2
3.73,1,6.7,1,5,6,2,6.7,33.5,40.2,13.4
2.37,1,5.42,1,5,6,2,5.42,27.1,32.52,10.84
3.58,1,6.22,1,5,6,2,6.22,31.1,37.32,12.44
2.44,1,5.5,1,5,6,2,5.5,27.5,33,11
0.74,1,5.72,1,2,8,3,5.72,11.44,45.76,17.16
1.06,1,6.24,1,2,8,3,6.24,12.48,49.92,18.72
0.24,1,5.9,1,2,8,3,5.9,11.8,47.2,17.7
0.69,1,6.6,1,2,8,3,6.6,13.2,52.8,19.8
-0.8,1,5.76,0,4,4,1,0,23.04,23.04,5.76
-0.74,1,5.22,0,4,4,1,0,20.88,20.88,5.22
-1.44,1,6.9,0,4,4,1,0,27.6,27.6,6.9
-1.41,1,6.16,0,4,4,1,0,24.64,24.64,6.16
-0.78,1,6.22,0,4,4,1,0,24.88,24.88,6.22
-1.06,1,6.72,0,4,4,1,0,26.88,26.88,6.72
-0.36,1,5.36,0,4,4,1,0,21.44,21.44,5.36
-0.55,1,5.06,0,4,4,1,0,20.24,20.24,5.06
-0.69,1,5.4,0,4,4,1,0,21.6,21.6,5.4
-1.52,1,6.62,0,4,4,1,0,26.48,26.48,6.62
-1.08,1,6.02,0,4,4,1,0,24.08,24.08,6.02
-3.49,1,6.58,0,3,8,2,0,19.74,52.64,13.16
-3.26,1,5.96,0,3,8,2,0,17.88,47.68,11.92
-4.22,1,6.14,0,3,8,2,0,18.42,49.12,12.28
-3.86,1,5.96,0,3,8,2,0,17.88,47.68,11.92
-3.89,1,5.22,0,3,8,2,0,15.66,41.76,10.44
-3.73,1,6,0,3,8,2,0,18,48,12
-5.08,1,6.76,0,3,8,2,0,20.28,54.08,13.52
-3.27,1,5.98,0,3,8,2,0,17.94,47.84,11.96
-4.1,1,6.18,0,3,8,2,0,18.54,49.44,12.36
-3.47,1,5.22,0,3,8,2,0,15.66,41.76,10.44
0.17,1,5.44,0,5,4,2,0,27.2,21.76,10.88
0.91,1,5.6,0,5,4,2,0,28,22.4,11.2
1.31,1,6.32,0,5,4,2,0,31.6,25.28,12.64
0.89,1,6.86,0,5,4,2,0,34.3,27.44,13.72
2.08,1,5.24,0,5,4,2,0,26.2,20.96,10.48
-0.01,1,6.94,0,5,4,2,0,34.7,27.76,13.88
0.6,1,6.26,0,5,4,2,0,31.3,25.04,12.52
1.27,1,6.76,0,5,4,2,0,33.8,27.04,13.52
1.06,1,5.78,0,5,4,2,0,28.9,23.12,11.56
0.58,1,6.22,0,5,4,2,0,31.1,24.88,12.44
1.19,1,6.92,0,5,4,2,0,34.6,27.68,13.84
0.55,1,6.04,0,5,4,2,0,30.2,24.16,12.08
1.66,1,6.4,1,6,8,2,6.4,38.4,51.2,12.8
2.16,1,5.94,1,6,8,2,5.94,35.64,47.52,11.88
2.16,1,6.38,1,6,8,2,6.38,38.28,51.04,12.76
2.34,1,5.26,0,1,2,3,0,5.26,10.52,15.78
2.1,1,6.04,0,1,2,3,0,6.04,12.08,18.12
2.25,1,6.08,0,1,2,3,0,6.08,12.16,18.24
2.91,1,5.82,0,1,2,3,0,5.82,11.64,17.46
1.25,1,6.08,0,1,2,3,0,6.08,12.16,18.24
1.11,1,6.84,0,1,2,3,0,6.84,13.68,20.52
2.27,1,5.3,0,1,2,3,0,5.3,10.6,15.9
2.3,1,6.62,0,1,2,3,0,6.62,13.24,19.86
1.68,1,6.16,0,1,2,3,0,6.16,12.32,18.48
1.47,1,5.18,0,1,2,3,0,5.18,10.36,15.54
1.59,1,6.04,0,1,2,3,0,6.04,12.08,18.12
-3.61,1,5.58,0,3,9,3,0,16.74,50.22,16.74
-3.6,1,6.3,0,3,9,3,0,18.9,56.7,18.9
-2.99,1,6.96,0,3,9,3,0,20.88,62.64,20.88
-3.8,1,6.46,0,3,9,3,0,19.38,58.14,19.38
-2.62,1,5.32,0,3,9,3,0,15.96,47.88,15.96
-4.1,1,6.2,0,3,9,3,0,18.6,55.8,18.6
6.03,1,6.64,1,1,1,2,6.64,6.64,6.64,13.28
5.45,1,5.62,1,1,1,2,5.62,5.62,5.62,11.24
6.09,1,5.68,1,1,1,2,5.68,5.68,5.68,11.36
6.17,1,5.8,1,1,1,2,5.8,5.8,5.8,11.6
4.39,1,5.86,1,1,1,2,5.86,5.86,5.86,11.72
4.93,1,5.82,1,1,1,2,5.82,5.82,5.82,11.64
5.42,1,5.3,1,1,1,2,5.3,5.3,5.3,10.6
4.88,1,5.02,1,1,1,2,5.02,5.02,5.02,10.04
4.68,1,5.62,1,1,1,2,5.62,5.62,5.62,11.24
4.55,1,5.04,1,1,1,2,5.04,5.04,5.04,10.08
4.72,1,5.14,1,1,1,2,5.14,5.14,5.14,10.28
4.72,1,5.34,1,1,1,2,5.34,5.34,5.34,10.68
0.05,1,6.34,1,1,6,1,6.34,6.34,38.04,6.34
-0.03,1,5.72,1,1,6,1,5.72,5.72,34.32,5.72
-1.12,1,5.12,1,1,6,1,5.12,5.12,30.72,5.12
-0.76,1,5.28,1,1,6,1,5.28,5.28,31.68,5.28
3.4,1,5.52,1,3,5,3,5.52,16.56,27.6,16.56
4.91,1,6.9,1,3,5,3,6.9,20.7,34.5,20.7
3.25,1,6.02,1,3,5,3,6.02,18.06,30.1,18.06
4.77,1,6.04,1,3,5,3,6.04,18.12,30.2,18.12
4.8,1,6.42,1,3,5,3,6.42,19.26,32.1,19.26
4.39,1,6.52,1,3,5,3,6.52,19.56,32.6,19.56
5.7,1,6.76,1,3,5,3,6.76,20.28,33.8,20.28
3.03,1,5.58,1,3,5,3,5.58,16.74,27.9,16.74
0.02,1,6.46,1,1,8,2,6.46,6.46,51.68,12.92
-1.46,1,6.72,1,1,8,2,6.72,6.72,53.76,13.44
-0.69,1,5.38,1,1,8,2,5.38,5.38,43.04,10.76
-1.44,1,6.12,1,1,8,2,6.12,6.12,48.96,12.24
-0.71,1,6.04,1,1,8,2,6.04,6.04,48.32,12.08
-0.74,1,5.72,1,1,8,2,5.72,5.72,45.76,11.44
-0.31,1,5.86,1,1,8,2,5.86,5.86,46.88,11.72
-1.28,1,5.58,1,1,8,2,5.58,5.58,44.64,11.16
-0.69,1,5.9,1,1,8,2,5.9,5.9,47.2,11.8
-1.65,1,5.42,1,1,8,2,5.42,5.42,43.36,10.84
-0.52,1,5.12,1,1,8,2,5.12,5.12,40.96,10.24
0.59,1,6.06,1,1,8,2,6.06,6.06,48.48,12.12
-0.28,1,5.04,1,1,8,2,5.04,5.04,40.32,10.08
-2.35,1,5.18,0,4,7,2,0,20.72,36.26,10.36
-1.89,1,5.58,0,4,7,2,0,22.32,39.06,11.16
-2.57,1,6.94,0,4,7,2,0,27.76,48.58,13.88
-2.01,1,6.36,0,4,7,2,0,25.44,44.52,12.72
-0.76,1,5.18,0,4,7,2,0,20.72,36.26,10.36
-2.15,1,6.3,0,4,7,2,0,25.2,44.1,12.6
-1.53,1,5.62,0,4,7,2,0,22.48,39.34,11.24
-1.78,1,5.06,0,4,7,2,0,20.24,35.42,10.12
-2.3,1,5.76,0,4,7,2,0,23.04,40.32,11.52
-2.65,1,6.92,0,4,7,2,0,27.68,48.44,13.84
7.42,1,6.76,1,4,1,2,6.76,27.04,6.76,13.52
7.88,1,6.8,1,4,1,2,6.8,27.2,6.8,13.6
6.16,1,5.06,1,4,1,2,5.06,20.24,5.06,10.12
7.16,1,6,1,4,1,2,6,24,6,12
7.17,1,6.12,1,4,1,2,6.12,24.48,6.12,12.24
-0.61,1,6.7,1,2,8,2,6.7,13.4,53.6,13.4
0.13,1,6.48,1,2,8,2,6.48,12.96,51.84,12.96
-1.23,1,5.24,1,2,8,2,5.24,10.48,41.92,10.48
0.44,1,5.86,1,2,8,2,5.86,11.72,46.88,11.72
-0.33,1,5.16,1,2,8,2,5.16,10.32,41.28,10.32
0.26,1,6.4,1,2,8,2,6.4,12.8,51.2,12.8
0.36,1,5.62,1,2,8,2,5.62,11.24,44.96,11.24
-0.29,1,6.92,1,2,8,2,6.92,13.84,55.36,13.84
1.19,1,5.16,1,2,7,3,5.16,10.32,36.12,15.48
1.58,1,5.7,1,2,7,3,5.7,11.4,39.9,17.1
0.87,1,5.16,1,2,7,3,5.16,10.32,36.12,15.48
2.3,1,5.92,1,2,7,3,5.92,11.84,41.44,17.76
1.56,1,5.44,1,2,7,3,5.44,10.88,38.08,16.32
1.68,1,5.3,1,2,7,3,5.3,10.6,37.1,15.9
2.39,1,5.82,1,2,7,3,5.82,11.64,40.74,17.46
1.91,1,6.7,1,2,7,3,6.7,13.4,46.9,20.1
1.41,1,6.48,1,2,7,3,6.48,12.96,45.36,19.44
3.04,1,6.48,1,2,7,3,6.48,12.96,45.36,19.44
1.35,1,5.64,1,3,8,3,5.64,16.92,45.12,16.92
0.93,1,6.54,1,3,8,3,6.54,19.62,52.32,19.62
2.04,1,6.42,1,3,8,3,6.42,19.26,51.36,19.26
0.85,1,5.1,1,3,8,3,5.1,15.3,40.8,15.3
1.69,1,6.78,1,3,8,3,6.78,20.34,54.24,20.34
1.92,1,6.04,1,3,8,3,6.04,18.12,48.32,18.12
1.7,1,6.28,1,3,8,3,6.28,18.84,50.24,18.84
2.16,1,6.52,1,3,8,3,6.52,19.56,52.16,19.56
1.51,1,5.24,1,3,8,3,5.24,15.72,41.92,15.72
1.67,1,5.88,1,3,8,3,5.88,17.64,47.04,17.64
1.37,1,5.8,1,3,8,3,5.8,17.4,46.4,17.4
1.94,1,5.78,1,3,8,3,5.78,17.34,46.24,17.34
2.01,1,6.66,1,3,8,3,6.66,19.98,53.28,19.98
0.1,1,5.4,0,2,3,2,0,10.8,16.2,10.8
-0.17,1,5.78,0,2,3,2,0,11.56,17.34,11.56
0.27,1,5.86,0,2,3,2,0,11.72,17.58,11.72
0.88,1,5.18,0,2,3,2,0,10.36,15.54,10.36
0.66,1,5.72,0,2,3,2,0,11.44,17.16,11.44
0.1,1,6.36,0,2,3,2,0,12.72,19.08,12.72
-0.23,1,5.84,0,2,3,2,0,11.68,17.52,11.68
0.09,1,6.38,0,2,3,2,0,12.76,19.14,12.76
0.09,1,6.52,0,2,3,2,0,13.04,19.56,13.04
0.88,1,5.28,0,2,3,2,0,10.56,15.84,10.56
0.62,1,6.24,0,2,3,2,0,12.48,18.72,12.48
-0.02,1,6.98,0,2,3,2,0,13.96,20.94,13.96
4.59,1,6.48,1,3,2,1,6.48,19.44,12.96,6.48
4.82,1,6.38,1,3,2,1,6.38,19.14,12.76,6.38
4.57,1,6.3,1,3,2,1,6.3,18.9,12.6,6.3
4.53,1,6.24,1,3,2,1,6.24,18.72,12.48,6.24
4.87,1,6.26,1,3,2,1,6.26,18.78,12.52,6.26
3.14,1,6.2,1,3,2,1,6.2,18.6,12.4,6.2
3.69,1,5.86,1,3,2,1,5.86,17.58,11.72,5.86
4.33,1,5.7,1,3,2,1,5.7,17.1,11.4,5.7
2.28,1,5.06,0,1,2,3,0,5.06,10.12,15.18
1.66,1,5.64,0,1,2,3,0,5.64,11.28,16.92
1.63,1,6.16,0,1,2,3,0,6.16,12.32,18.48
2.15,1,6.46,0,1,2,3,0,6.46,12.92,19.38
2.87,1,5.08,0,1,2,3,0,5.08,10.16,15.24
0.49,1,5.16,0,7,3,1,0,36.12,15.48,5.16
0.54,1,5.64,0,7,3,1,0,39.48,16.92,5.64
1.31,1,6.66,0,7,3,1,0,46.62,19.98,6.66
0.99,1,6.18,0,7,3,1,0,43.26,18.54,6.18
1.06,1,5.84,0,7,3,1,0,40.88,17.52,5.84
0.46,1,6.34,0,7,3,1,0,44.38,19.02,6.34
-5.3,1,5.2,0,2,9,2,0,10.4,46.8,10.4
-5.11,1,6.14,0,2,9,2,0,12.28,55.26,12.28
-5.2,1,6.52,0,2,9,2,0,13.04,58.68,13.04
-6.14,1,6.86,0,2,9,2,0,13.72,61.74,13.72
-5.93,1,6.94,0,2,9,2,0,13.88,62.46,13.88
-4.06,1,5.58,0,2,9,2,0,11.16,50.22,11.16
-3.72,1,5.14,0,2,9,2,0,10.28,46.26,10.28
-5.84,1,6.14,0,2,9,2,0,12.28,55.26,12.28
-2.22,1,5.4,0,5,8,2,0,27,43.2,10.8
-2.41,1,5.02,0,5,8,2,0,25.1,40.16,10.04
-3.45,1,6.3,0,5,8,2,0,31.5,50.4,12.6
-2.78,1,5.52,0,5,8,2,0,27.6,44.16,11.04
-1.84,1,5.78,0,5,8,2,0,28.9,46.24,11.56
3.81,1,5.36,1,6,3,1,5.36,32.16,16.08,5.36
5.42,1,5.96,1,6,3,1,5.96,35.76,17.88,5.96
5.73,1,6.96,1,6,3,1,6.96,41.76,20.88,6.96
5.25,1,6.1,1,6,3,1,6.1,36.6,18.3,6.1
5.39,1,6.56,1,6,3,1,6.56,39.36,19.68,6.56
6.51,1,6.34,1,6,3,1,6.34,38.04,19.02,6.34
5.78,1,6.56,1,6,3,1,6.56,39.36,19.68,6.56
6.25,1,6.28,1,6,3,1,6.28,37.68,18.84,6.28
4.64,1,5.5,1,6,3,1,5.5,33,16.5,5.5
6.24,1,5.24,1,4,2,2,5.24,20.96,10.48,10.48
7.07,1,6.5,1,4,2,2,6.5,26,13,13
4.68,1,5.3,1,4,2,2,5.3,21.2,10.6,10.6
6.75,1,6.66,1,4,2,2,6.66,26.64,13.32,13.32
5.95,1,6,1,4,2,2,6,24,12,12
4.42,1,6.68,0,4,2,3,0,26.72,13.36,20.04
2.95,1,6.24,0,4,2,3,0,24.96,12.48,18.72
3.09,1,6.3,0,4,2,3,0,25.2,12.6,18.9
3.58,1,5.82,0,4,2,3,0,23.28,11.64,17.46
2.49,1,5.46,0,4,2,3,0,21.84,10.92,16.38
3.27,1,6.98,0,4,2,3,0,27.92,13.96,20.94
3.22,1,6.08,0,4,2,3,0,24.32,12.16,18.24
-2.02,1,5.76,0,1,6,2,0,5.76,34.56,11.52
-2.65,1,5.92,0,1,6,2,0,5.92,35.52,11.84
-2.42,1,5.36,0,1,6,2,0,5.36,32.16,10.72
-3.33,1,5.62,0,1,6,2,0,5.62,33.72,11.24
4.89,1,5.26,1,7,3,1,5.26,36.82,15.78,5.26
4.73,1,5.18,1,7,3,1,5.18,36.26,15.54,5.18
5.97,1,6.4,1,7,3,1,6.4,44.8,19.2,6.4
4.52,1,5.06,1,7,3,1,5.06,35.42,15.18,5.06
5.45,1,6.66,1,7,3,1,6.66,46.62,19.98,6.66
6.66,1,6.38,1,7,3,1,6.38,44.66,19.14,6.38
4.65,1,5.32,1,7,3,1,5.32,37.24,15.96,5.32
6.04,1,6.74,1,7,3,1,6.74,47.18,20.22,6.74
6.91,1,6.92,1,7,3,1,6.92,48.44,20.76,6.92
5.84,1,5.26,1,7,3,1,5.26,36.82,15.78,5.26
6.62,1,6.54,1,7,3,1,6.54,45.78,19.62,6.54
1.29,1,6.74,1,3,7,2,6.74,20.22,47.18,13.48
0.67,1,5.1,1,3,7,2,5.1,15.3,35.7,10.2
1.68,1,5.6,1,3,7,2,5.6,16.8,39.2,11.2
0.54,1,5.42,1,3,7,2,5.42,16.26,37.94,10.84
1.42,1,5.66,1,3,7,2,5.66,16.98,39.62,11.32
0.8,1,5.24,1,3,7,2,5.24,15.72,36.68,10.48
0.81,1,5.54,1,3,7,2,5.54,16.62,38.78,11.08
0.8,1,5.02,1,3,7,2,5.02,15.06,35.14,10.04
1.47,1,6.86,1,3,7,2,6.86,20.58,48.02,13.72
0.46,1,6.16,1,3,7,2,6.16,18.48,43.12,12.32
0.92,1,5.88,1,3,7,2,5.88,17.64,41.16,11.76
1.36,1,5.3,1,3,7,2,5.3,15.9,37.1,10.6
0.33,1,5.68,1,3,7,2,5.68,17.04,39.76,11.36
-0.01,1,5.14,0,7,7,2,0,35.98,35.98,10.28
-0.67,1,5.98,0,7,7,2,0,41.86,41.86,11.96
-1.65,1,5.92,0,7,7,2,0,41.44,41.44,11.84
-0.34,1,5.3,0,7,7,2,0,37.1,37.1,10.6
-1.03,1,6.8,0,7,7,2,0,47.6,47.6,13.6
0.18,1,5.26,0,7,7,2,0,36.82,36.82,10.52
-0.73,1,6.54,0,7,7,2,0,45.78,45.78,13.08
-3.9,1,5.84,0,2,9,2,0,11.68,52.56,11.68
-5.99,1,6.9,0,2,9,2,0,13.8,62.1,13.8
-4.85,1,5,0,2,9,2,0,10,45,10
-4.16,1,5.1,0,2,9,2,0,10.2,45.9,10.2
-6.69,1,6.74,0,2,9,2,0,13.48,60.66,13.48
-5.59,1,6.52,0,2,9,2,0,13.04,58.68,13.04
-4,1,5.42,0,2,9,2,0,10.84,48.78,10.84
-7.74,1,6.78,0,1,8,1,0,6.78,54.24,6.78
-7.14,1,6.32,0,1,8,1,0,6.32,50.56,6.32
-7.97,1,6.92,0,1,8,1,0,6.92,55.36,6.92
-7.81,1,6.82,0,1,8,1,0,6.82,54.56,6.82
2.39,1,6.82,1,2,4,1,6.82,13.64,27.28,6.82
1.31,1,6.4,1,2,4,1,6.4,12.8,25.6,6.4
1.95,1,6.16,1,2,4,1,6.16,12.32,24.64,6.16
1.94,1,5.08,1,2,4,1,5.08,10.16,20.32,5.08
1.48,1,5.42,1,2,4,1,5.42,10.84,21.68,5.42
2.17,1,5.28,1,2,4,1,5.28,10.56,21.12,5.28
2.1,1,6.06,1,2,4,1,6.06,12.12,24.24,6.06
2.26,1,6.72,1,2,4,1,6.72,13.44,26.88,6.72
1.07,1,5.36,1,2,4,1,5.36,10.72,21.44,5.36
-0.03,1,6.28,1,2,7,2,6.28,12.56,43.96,12.56
1.15,1,5.16,1,2,7,2,5.16,10.32,36.12,10.32
0.74,1,6.58,1,2,7,2,6.58,13.16,46.06,13.16
-0.16,1,6.78,1,2,7,2,6.78,13.56,47.46,13.56
0.47,1,6.34,1,2,7,2,6.34,12.68,44.38,12.68
-0.14,1,5.06,1,2,7,2,5.06,10.12,35.42,10.12
0.28,1,6.38,1,2,7,2,6.38,12.76,44.66,12.76
1.41,1,5.92,1,2,7,2,5.92,11.84,41.44,11.84
0.07,1,5.22,1,2,7,2,5.22,10.44,36.54,10.44
0.87,1,6.08,1,2,7,2,6.08,12.16,42.56,12.16
0.38,1,5.08,1,1,5,1,5.08,5.08,25.4,5.08
0.32,1,5.26,1,1,5,1,5.26,5.26,26.3,5.26
1.12,1,5.12,1,1,5,1,5.12,5.12,25.6,5.12
0.26,1,6.76,1,1,5,1,6.76,6.76,33.8,6.76
-0.38,1,5.28,1,1,5,1,5.28,5.28,26.4,5.28
-0.64,1,5.98,1,1,5,1,5.98,5.98,29.9,5.98
-0.56,1,5.12,1,1,5,1,5.12,5.12,25.6,5.12
-1.18,1,6.56,0,3,7,3,0,19.68,45.92,19.68
-2.59,1,6.24,0,3,7,3,0,18.72,43.68,18.72
-2.03,1,6.22,0,3,7,3,0,18.66,43.54,18.66
0.26,1,5.36,0,3,7,3,0,16.08,37.52,16.08
-1.4,1,6.96,0,3,7,3,0,20.88,48.72,20.88
-2.23,1,6.24,0,3,7,3,0,18.72,43.68,18.72
-1.74,1,6.16,0,3,7,3,0,18.48,43.12,18.48
-2.25,1,5.64,0,3,7,3,0,16.92,39.48,16.92
3.61,1,5.96,1,5,7,3,5.96,29.8,41.72,17.88
2.74,1,5.54,1,5,7,3,5.54,27.7,38.78,16.62
3.67,1,5.9,1,5,7,3,5.9,29.5,41.3,17.7
2.88,1,5.26,1,5,7,3,5.26,26.3,36.82,15.78
3.72,1,5.7,1,7,6,2,5.7,39.9,34.2,11.4
4.83,1,6.64,1,7,6,2,6.64,46.48,39.84,13.28
3.66,1,5.3,1,7,6,2,5.3,37.1,31.8,10.6
4.03,1,6.48,1,7,6,2,6.48,45.36,38.88,12.96
4.32,1,5.64,1,7,6,2,5.64,39.48,33.84,11.28
5.12,1,6.92,1,7,6,2,6.92,48.44,41.52,13.84
5.27,1,6.86,1,7,6,2,6.86,48.02,41.16,13.72
5.27,1,6.16,1,7,6,2,6.16,43.12,36.96,12.32
3.54,1,5.02,1,7,6,2,5.02,35.14,30.12,10.04
-5.19,1,6.56,0,2,9,3,0,13.12,59.04,19.68
-3.25,1,6.44,0,2,9,3,0,12.88,57.96,19.32
-2.45,1,5,0,2,9,3,0,10,45,15
-4.17,1,6.76,0,2,9,3,0,13.52,60.84,20.28
-2.89,1,6.32,0,2,9,3,0,12.64,56.88,18.96
1.55,1,6.98,0,4,2,2,0,27.92,13.96,13.96
2.64,1,6.1,0,4,2,2,0,24.4,12.2,12.2
2.14,1,6.32,0,4,2,2,0,25.28,12.64,12.64
2.04,1,6.96,0,4,2,2,0,27.84,13.92,13.92
2.64,1,5.88,0,4,2,2,0,23.52,11.76,11.76
-0.72,1,6.68,1,3,8,2,6.68,20.04,53.44,13.36
-0.29,1,6.12,1,3,8,2,6.12,18.36,48.96,12.24
-0.04,1,6.3,1,3,8,2,6.3,18.9,50.4,12.6
-0.21,1,6.4,1,3,8,2,6.4,19.2,51.2,12.8
-0.37,1,5.04,0,4,4,1,0,20.16,20.16,5.04
-1.3,1,6.7,0,4,4,1,0,26.8,26.8,6.7
-0.64,1,6.48,0,4,4,1,0,25.92,25.92,6.48
-0.56,1,5.78,0,4,4,1,0,23.12,23.12,5.78
-0.94,1,5.88,0,4,4,1,0,23.52,23.52,5.88
-0.34,1,5.76,0,4,4,1,0,23.04,23.04,5.76
-1.53,1,6.82,0,4,4,1,0,27.28,27.28,6.82
-1.57,1,6.76,0,4,4,1,0,27.04,27.04,6.76
-0.46,1,5.74,0,4,4,1,0,22.96,22.96,5.74
-0.5,1,5.34,0,4,4,1,0,21.36,21.36,5.34
0.03,1,5.82,0,2,3,2,0,11.64,17.46,11.64
0.71,1,5.52,0,2,3,2,0,11.04,16.56,11.04
-0.57,1,6.2,0,2,3,2,0,12.4,18.6,12.4
-0.1,1,5.6,0,2,3,2,0,11.2,16.8,11.2
0.68,1,6.32,0,2,3,2,0,12.64,18.96,12.64
-0.05,1,6.26,0,2,3,2,0,12.52,18.78,12.52
1.07,1,5.86,1,4,7,2,5.86,23.44,41.02,11.72
2.07,1,6.46,1,4,7,2,6.46,25.84,45.22,12.92
1.52,1,5.66,1,4,7,2,5.66,22.64,39.62,11.32
1.55,1,6.04,1,4,7,2,6.04,24.16,42.28,12.08
-1.22,1,6.56,0,6,6,1,0,39.36,39.36,6.56
-2.15,1,6.48,0,6,6,1,0,38.88,38.88,6.48
-1.53,1,6.94,0,6,6,1,0,41.64,41.64,6.94
-1.34,1,6.18,0,6,6,1,0,37.08,37.08,6.18
-0.75,1,6.06,0,6,6,1,0,36.36,36.36,6.06
-1.04,1,6.24,0,6,6,1,0,37.44,37.44,6.24
-0.75,1,5.26,0,6,6,1,0,31.56,31.56,5.26
-2.15,1,6.84,0,6,6,1,0,41.04,41.04,6.84
-2.1,1,6.88,0,6,6,1,0,41.28,41.28,6.88
-1.93,1,6.88,0,6,6,1,0,41.28,41.28,6.88
-1.72,1,6.36,0,6,6,1,0,38.16,38.16,6.36
3,1,5.48,1,4,7,3,5.48,21.92,38.36,16.44
3.86,1,6.98,1,4,7,3,6.98,27.92,48.86,20.94
3.25,1,6.6,1,4,7,3,6.6,26.4,46.2,19.8
2.82,1,5.06,1,4,7,3,5.06,20.24,35.42,15.18
2.82,1,5.18,1,4,7,3,5.18,20.72,36.26,15.54
2.28,1,5.04,1,4,7,3,5.04,20.16,35.28,15.12
1.96,1,5.82,1,4,7,3,5.82,23.28,40.74,17.46
2.23,1,5.72,1,4,7,3,5.72,22.88,40.04,17.16
2.17,1,5.24,1,4,7,3,5.24,20.96,36.68,15.72
-6.65,1,6.64,0,1,8,1,0,6.64,53.12,6.64
-5.01,1,5.84,0,1,8,1,0,5.84,46.72,5.84
-5.87,1,5.68,0,1,8,1,0,5.68,45.44,5.68
-6.47,1,6.2,0,1,8,1,0,6.2,49.6,6.2
-6.13,1,5.82,0,1,8,1,0,5.82,46.56,5.82
-8.22,1,6.66,0,1,8,1,0,6.66,53.28,6.66
-7.18,1,6.7,0,1,8,1,0,6.7,53.6,6.7
-5.39,1,5.2,0,1,8,1,0,5.2,41.6,5.2
-6.85,1,6.36,0,1,8,1,0,6.36,50.88,6.36
-4.47,1,5,0,1,8,1,0,5,40,5
-7.16,1,6.22,0,1,8,1,0,6.22,49.76,6.22
-7.73,1,6.76,0,1,8,1,0,6.76,54.08,6.76
-5.17,1,5.48,0,1,8,1,0,5.48,43.84,5.48
0.91,1,5.7,0,4,4,3,0,22.8,22.8,17.1
2.82,1,6.92,0,4,4,3,0,27.68,27.68,20.76
1.5,1,5.8,0,4,4,3,0,23.2,23.2,17.4
2.05,1,5.78,0,4,4,3,0,23.12,23.12,17.34
1.66,1,6.5,0,4,4,3,0,26,26,19.5
2.32,1,6.24,0,4,4,3,0,24.96,24.96,18.72
1.5,1,6.42,0,4,4,3,0,25.68,25.68,19.26
0.77,1,5.86,0,4,4,3,0,23.44,23.44,17.58
0.87,1,6.72,1,2,8,2,6.72,13.44,53.76,13.44
-0.27,1,6.96,1,2,8,2,6.96,13.92,55.68,13.92
0.7,1,5.06,1,2,8,2,5.06,10.12,40.48,10.12
0.17,1,6.7,1,2,8,2,6.7,13.4,53.6,13.4
-0.38,1,5.7,1,2,8,2,5.7,11.4,45.6,11.4
-0.53,1,6.72,1,2,8,2,6.72,13.44,53.76,13.44
3.13,1,5.58,1,2,2,1,5.58,11.16,11.16,5.58
4.26,1,5.96,1,2,2,1,5.96,11.92,11.92,5.96
3.86,1,6.08,1,2,2,1,6.08,12.16,12.16,6.08
3.83,1,6.42,1,2,2,1,6.42,12.84,12.84,6.42
4.26,1,6.82,1,2,2,1,6.82,13.64,13.64,6.82
4.44,1,6.04,1,2,2,1,6.04,12.08,12.08,6.04
4.14,1,5.56,1,2,2,1,5.56,11.12,11.12,5.56
4.46,1,7,1,2,2,1,7,14,14,7
3.23,1,5.94,1,2,2,1,5.94,11.88,11.88,5.94
3.77,1,6.34,1,2,2,1,6.34,12.68,12.68,6.34
3.91,1,6.58,1,2,2,1,6.58,13.16,13.16,6.58
3.78,1,5.76,1,2,2,1,5.76,11.52,11.52,5.76
-1.83,1,5.28,0,2,7,2,0,10.56,36.96,10.56
-3.09,1,5.34,0,2,7,2,0,10.68,37.38,10.68
-4.36,1,6.74,0,2,7,2,0,13.48,47.18,13.48
-3.31,1,6.66,0,2,7,2,0,13.32,46.62,13.32
-3.5,1,6.38,0,2,7,2,0,12.76,44.66,12.76
-4.52,1,6.96,0,2,7,2,0,13.92,48.72,13.92
-3.4,1,6.5,0,2,7,2,0,13,45.5,13
-3.57,1,6.84,0,2,7,2,0,13.68,47.88,13.68
-4.15,1,6.44,0,2,7,2,0,12.88,45.08,12.88
-1.85,1,5.54,0,2,7,2,0,11.08,38.78,11.08
-4.62,1,6.58,0,2,7,2,0,13.16,46.06,13.16
-4.38,1,6.86,0,2,7,2,0,13.72,48.02,13.72
-3.08,1,6.84,0,2,7,2,0,13.68,47.88,13.68
-2.56,1,6.16,0,7,9,2,0,43.12,55.44,12.32
-1.31,1,5.5,0,7,9,2,0,38.5,49.5,11
-2.31,1,5.26,0,7,9,2,0,36.82,47.34,10.52
-2.08,1,5,0,7,9,2,0,35,45,10
-2.27,1,6.44,0,7,9,2,0,45.08,57.96,12.88
-1.85,1,5.48,0,7,9,2,0,38.36,49.32,10.96
-2.94,1,5.9,0,7,9,2,0,41.3,53.1,11.8
-2.28,1,5.1,0,7,9,2,0,35.7,45.9,10.2
-2.52,1,6.82,0,7,9,2,0,47.74,61.38,13.64
-2.14,1,6.52,0,7,9,2,0,45.64,58.68,13.04
-0.33,1,6.22,0,6,4,1,0,37.32,24.88,6.22
0.36,1,5.04,0,6,4,1,0,30.24,20.16,5.04
0.33,1,6.58,0,6,4,1,0,39.48,26.32,6.58
0.1,1,6.34,0,6,4,1,0,38.04,25.36,6.34
-0.58,1,5.2,0,3,5,2,0,15.6,26,10.4
-1.06,1,6.62,0,3,5,2,0,19.86,33.1,13.24
-1.11,1,5.68,0,3,5,2,0,17.04,28.4,11.36
-0.95,1,6.66,0,3,5,2,0,19.98,33.3,13.32
-1.11,1,5.8,0,3,5,2,0,17.4,29,11.6
-1.11,1,5.9,0,3,5,2,0,17.7,29.5,11.8
-0.74,1,5.46,0,3,5,2,0,16.38,27.3,10.92
-0.97,1,6.96,0,3,5,2,0,20.88,34.8,13.92
-0.46,1,6.54,0,3,5,2,0,19.62,32.7,13.08
-0.33,1,5.32,0,3,5,2,0,15.96,26.6,10.64
-1.54,1,6.94,0,3,5,2,0,20.82,34.7,13.88
-1.47,1,5.84,0,3,5,2,0,17.52,29.2,11.68
-0.73,1,6.98,0,3,5,2,0,20.94,34.9,13.96
-3.74,1,6.66,0,4,9,2,0,26.64,59.94,13.32
-3.92,1,6.5,0,4,9,2,0,26,58.5,13
-3.74,1,6.72,0,4,9,2,0,26.88,60.48,13.44
-3.4,1,6.1,0,4,9,2,0,24.4,54.9,12.2
-4.05,1,5.7,0,4,9,2,0,22.8,51.3,11.4
-4.82,1,6.86,0,4,9,2,0,27.44,61.74,13.72
-2.88,1,5.2,0,4,9,2,0,20.8,46.8,10.4
-3.07,1,5.02,0,4,9,2,0,20.08,45.18,10.04
-3.86,1,5.84,0,4,9,2,0,23.36,52.56,11.68
-2.7,1,5.06,0,4,9,2,0,20.24,45.54,10.12
-3,1,5.22,0,2,7,2,0,10.44,36.54,10.44
-2.82,1,5.98,0,2,7,2,0,11.96,41.86,11.96
-3.51,1,5.54,0,2,7,2,0,11.08,38.78,11.08
-1.98,1,5.1,0,2,7,2,0,10.2,35.7,10.2
-3.71,1,6.34,0,2,7,2,0,12.68,44.38,12.68
-5.05,1,6.4,0,2,7,2,0,12.8,44.8,12.8
-4.21,1,7,0,2,7,2,0,14,49,14
-3.67,1,5.6,0,2,7,2,0,11.2,39.2,11.2
5.57,1,5.88,0,5,1,3,0,29.4,5.88,17.64
4.31,1,5.24,0,5,1,3,0,26.2,5.24,15.72
6.01,1,6.72,0,5,1,3,0,33.6,6.72,20.16
4.8,1,5.64,0,5,1,3,0,28.2,5.64,16.92
5.91,1,5.88,0,5,1,3,0,29.4,5.88,17.64
4.06,1,5.38,0,5,1,3,0,26.9,5.38,16.14
2.19,1,5,0,6,3,2,0,30,15,10
3.78,1,6.12,0,6,3,2,0,36.72,18.36,12.24
2.78,1,5.36,0,6,3,2,0,32.16,16.08,10.72
2.86,1,6.56,0,6,3,2,0,39.36,19.68,13.12
2.72,1,6.94,0,6,3,2,0,41.64,20.82,13.88
1.42,1,6.48,0,6,3,2,0,38.88,19.44,12.96
2.07,1,6.4,0,6,3,2,0,38.4,19.2,12.8
2.42,1,6.6,0,6,3,2,0,39.6,19.8,13.2
3.51,1,6.68,0,6,3,2,0,40.08,20.04,13.36
1.91,1,6.7,0,6,3,2,0,40.2,20.1,13.4
2.21,1,5.18,0,6,3,2,0,31.08,15.54,10.36
2.37,1,5.72,0,6,3,2,0,34.32,17.16,11.44
2.27,1,6.58,0,4,2,2,0,26.32,13.16,13.16
3.34,1,6.2,0,4,2,2,0,24.8,12.4,12.4
2.61,1,6.84,0,4,2,2,0,27.36,13.68,13.68
1.78,1,5.8,0,4,2,2,0,23.2,11.6,11.6
2.55,1,5.3,0,4,2,2,0,21.2,10.6,10.6
2.13,1,5.38,0,4,2,2,0,21.52,10.76,10.76
2.97,1,6.6,0,4,2,2,0,26.4,13.2,13.2
1.87,1,5.6,0,4,2,2,0,22.4,11.2,11.2
1.92,1,6.12,0,4,2,2,0,24.48,12.24,12.24
-3.3,1,6.5,0,4,8,2,0,26,52,13
-3.03,1,5.74,0,4,8,2,0,22.96,45.92,11.48
-2.6,1,5.68,0,4,8,2,0,22.72,45.44,11.36
-2.45,1,5.52,0,4,8,2,0,22.08,44.16,11.04
-2.95,1,5.26,0,4,8,2,0,21.04,42.08,10.52
4.3,1,5.42,1,5,5,3,5.42,27.1,27.1,16.26
4.3,1,5.42,1,5,5,3,5.42,27.1,27.1,16.26
6.63,1,6.36,1,5,5,3,6.36,31.8,31.8,19.08
5.86,1,5.84,1,5,5,3,5.84,29.2,29.2,17.52
-0.75,1,6.88,0,6,6,2,0,41.28,41.28,13.76
-0.28,1,5.7,0,6,6,2,0,34.2,34.2,11.4
-0.44,1,6.82,0,6,6,2,0,40.92,40.92,13.64
-0.83,1,5.16,0,6,6,2,0,30.96,30.96,10.32
-0.06,1,6.22,0,6,6,2,0,37.32,37.32,12.44
-0.25,1,5.44,0,6,6,2,0,32.64,32.64,10.88
0.09,1,5.28,0,6,6,2,0,31.68,31.68,10.56
-0.99,1,6.18,0,6,6,2,0,37.08,37.08,12.36
-0.54,1,5.02,0,6,7,2,0,30.12,35.14,10.04
-0.79,1,5.02,0,6,7,2,0,30.12,35.14,10.04
-0.91,1,5.68,0,6,7,2,0,34.08,39.76,11.36
-1.86,1,6.22,0,6,7,2,0,37.32,43.54,12.44
-0.63,1,5.74,0,6,7,2,0,34.44,40.18,11.48
1.8,1,5.06,0,6,5,3,0,30.36,25.3,15.18
2.27,1,6.02,0,6,5,3,0,36.12,30.1,18.06
2.89,1,5.24,0,6,5,3,0,31.44,26.2,15.72
2.43,1,6.34,0,6,5,3,0,38.04,31.7,19.02
2.11,1,6.24,0,6,5,3,0,37.44,31.2,18.72
1.72,1,5.66,0,6,5,3,0,33.96,28.3,16.98
-0.89,1,6.64,0,5,4,1,0,33.2,26.56,6.64
-0.56,1,6.66,0,5,4,1,0,33.3,26.64,6.66
-0.37,1,5.28,0,5,4,1,0,26.4,21.12,5.28
-0.14,1,6.32,0,5,4,1,0,31.6,25.28,6.32
-0.68,1,6.82,0,5,4,1,0,34.1,27.28,6.82
0.04,1,5.56,0,5,4,1,0,27.8,22.24,5.56
-3.43,1,6.24,0,3,9,3,0,18.72,56.16,18.72
-3.84,1,6.6,0,3,9,3,0,19.8,59.4,19.8
-3.66,1,7,0,3,9,3,0,21,63,21
-2.88,1,5.88,0,3,9,3,0,17.64,52.92,17.64
-3.79,1,6.84,0,3,9,3,0,20.52,61.56,20.52
-2.47,1,5.34,0,3,9,3,0,16.02,48.06,16.02
-0.27,1,5.7,0,7,8,3,0,39.9,45.6,17.1
-0.3,1,5.18,0,7,8,3,0,36.26,41.44,15.54
-0.86,1,6.16,0,7,8,3,0,43.12,49.28,18.48
0.03,1,5.26,0,7,8,3,0,36.82,42.08,15.78
-0.43,1,5.3,0,7,8,3,0,37.1,42.4,15.9
-0.31,1,5.38,0,7,8,3,0,37.66,43.04,16.14
-0.07,1,6.1,0,7,8,3,0,42.7,48.8,18.3
-0.67,1,5.04,0,7,8,3,0,35.28,40.32,15.12
3.6,1,6.46,0,7,1,1,0,45.22,6.46,6.46
2.67,1,5.02,0,7,1,1,0,35.14,5.02,5.02
3.41,1,5.32,0,7,1,1,0,37.24,5.32,5.32
3.77,1,5.92,0,7,1,1,0,41.44,5.92,5.92
2.86,1,5.06,0,7,1,1,0,35.42,5.06,5.06
2.97,1,5.24,0,7,1,1,0,36.68,5.24,5.24
3.65,1,6.4,0,7,1,1,0,44.8,6.4,6.4
3.21,1,6.5,0,7,1,1,0,45.5,6.5,6.5
3.65,1,6.18,0,7,1,1,0,43.26,6.18,6.18
-3.37,1,6.54,0,4,8,2,0,26.16,52.32,13.08
-3.12,1,6.22,0,4,8,2,0,24.88,49.76,12.44
-3.54,1,6.1,0,4,8,2,0,24.4,48.8,12.2
-2.84,1,5.38,0,4,8,2,0,21.52,43.04,10.76
-3.29,1,6.94,0,4,8,2,0,27.76,55.52,13.88
-3.58,1,5.58,0,4,8,2,0,22.32,44.64,11.16
-0.78,1,5.56,0,2,4,2,0,11.12,22.24,11.12
-0.66,1,6.3,0,2,4,2,0,12.6,25.2,12.6
-0.19,1,6.2,0,2,4,2,0,12.4,24.8,12.4
-1.16,1,6.7,0,2,4,2,0,13.4,26.8,13.4
-0.44,1,5.74,0,2,4,2,0,11.48,22.96,11.48
-0.27,1,5.84,0,2,4,2,0,11.68,23.36,11.68
3.14,1,5.92,1,4,6,3,5.92,23.68,35.52,17.76
3.12,1,5.24,1,4,6,3,5.24,20.96,31.44,15.72
4.36,1,6.32,1,4,6,3,6.32,25.28,37.92,18.96
3.67,1,5.64,1,4,6,3,5.64,22.56,33.84,16.92
3.31,1,5.64,1,4,6,3,5.64,22.56,33.84,16.92
0.63,1,6.72,0,7,5,2,0,47.04,33.6,13.44
0.51,1,5.12,0,7,5,2,0,35.84,25.6,10.24
-0.29,1,6.52,0,7,5,2,0,45.64,32.6,13.04
1.45,1,5.54,0,7,5,2,0,38.78,27.7,11.08
-2.37,1,5.24,0,5,7,1,0,26.2,36.68,5.24
-2.71,1,6.78,0,5,7,1,0,33.9,47.46,6.78
-2.72,1,5.54,0,5,7,1,0,27.7,38.78,5.54
-4.43,1,6.96,0,5,7,1,0,34.8,48.72,6.96
-2.21,1,5.44,0,5,7,1,0,27.2,38.08,5.44
-2.02,1,5.16,0,5,7,1,0,25.8,36.12,5.16
-2.28,1,5.78,0,5,7,1,0,28.9,40.46,5.78
-3.17,1,6.08,0,5,7,1,0,30.4,42.56,6.08
-2.95,1,6.32,0,2,6,2,0,12.64,37.92,12.64
-3.06,1,6.6,0,2,6,2,0,13.2,39.6,13.2
-3.36,1,6.86,0,2,6,2,0,13.72,41.16,13.72
-3.28,1,6.82,0,2,6,2,0,13.64,40.92,13.64
-1.94,1,5.24,0,2,6,2,0,10.48,31.44,10.48
-2.6,1,6.66,0,2,6,2,0,13.32,39.96,13.32
-2.12,1,5.74,0,2,6,2,0,11.48,34.44,11.48
-2.61,1,5.66,0,2,6,2,0,11.32,33.96,11.32
-2.28,1,5.78,0,2,6,2,0,11.56,34.68,11.56
-3.79,1,6.82,0,2,6,2,0,13.64,40.92,13.64
-3.06,1,6.8,0,2,6,2,0,13.6,40.8,13.6
-2.42,1,6.68,0,2,6,2,0,13.36,40.08,13.36
2.65,1,5.22,1,6,7,3,5.22,31.32,36.54,15.66
4.23,1,6.66,1,6,7,3,6.66,39.96,46.62,19.98
5.25,1,6.16,1,6,7,3,6.16,36.96,43.12,18.48
3.54,1,5.06,1,6,7,3,5.06,30.36,35.42,15.18
2.09,1,6.54,0,7,6,3,0,45.78,39.24,19.62
1.89,1,5.6,0,7,6,3,0,39.2,33.6,16.8
1.97,1,6.4,0,7,6,3,0,44.8,38.4,19.2
2.61,1,6.44,0,7,6,3,0,45.08,38.64,19.32
2.65,1,6.82,0,7,6,3,0,47.74,40.92,20.46
1.98,1,5.62,0,7,6,3,0,39.34,33.72,16.86
2.45,1,6.24,0,7,6,3,0,43.68,37.44,18.72
2.51,1,6.32,0,7,6,3,0,44.24,37.92,18.96
1.28,1,5.86,0,7,6,3,0,41.02,35.16,17.58
1.73,1,5.58,0,7,6,3,0,39.06,33.48,16.74
3.47,1,5.88,1,2,6,3,5.88,11.76,35.28,17.64
2.54,1,5.64,1,2,6,3,5.64,11.28,33.84,16.92
2.59,1,6.76,1,2,6,3,6.76,13.52,40.56,20.28
3.07,1,6.38,0,4,3,3,0,25.52,19.14,19.14
3.18,1,5.96,0,4,3,3,0,23.84,17.88,17.88
2.13,1,5.74,0,4,3,3,0,22.96,17.22,17.22
2.96,1,6.06,0,4,3,3,0,24.24,18.18,18.18
-1.76,1,5.92,0,1,3,1,0,5.92,17.76,5.92
-1.13,1,5.62,0,1,3,1,0,5.62,16.86,5.62
-1.7,1,5.92,0,1,3,1,0,5.92,17.76,5.92
-1.85,1,6.96,0,1,3,1,0,6.96,20.88,6.96
-1.59,1,6.56,0,1,3,1,0,6.56,19.68,6.56
3.04,1,6.86,1,6,7,2,6.86,41.16,48.02,13.72
2.87,1,6.8,1,6,7,2,6.8,40.8,47.6,13.6
4.16,1,6.8,1,6,7,2,6.8,40.8,47.6,13.6
1.97,1,5.32,1,6,7,2,5.32,31.92,37.24,10.64
3.72,1,6.96,1,6,7,2,6.96,41.76,48.72,13.92
3.4,1,6.94,1,6,7,2,6.94,41.64,48.58,13.88
2.54,1,5.72,1,6,7,2,5.72,34.32,40.04,11.44
3.2,1,6.46,1,6,7,2,6.46,38.76,45.22,12.92
0.5,1,5.82,0,1,2,2,0,5.82,11.64,11.64
-0.05,1,6.38,0,1,2,2,0,6.38,12.76,12.76
0.62,1,6.4,0,1,2,2,0,6.4,12.8,12.8
0.36,1,5.68,0,1,2,2,0,5.68,11.36,11.36
1.12,1,5.5,0,1,2,2,0,5.5,11,11
-0.55,1,6.98,0,1,2,2,0,6.98,13.96,13.96
0.05,1,6.06,0,1,2,2,0,6.06,12.12,12.12
-1.74,1,5.3,1,1,8,2,5.3,5.3,42.4,10.6
-0.51,1,5.72,1,1,8,2,5.72,5.72,45.76,11.44
-1.37,1,6.88,1,1,8,2,6.88,6.88,55.04,13.76
-1.15,1,6.3,1,1,8,2,6.3,6.3,50.4,12.6
-0.96,1,6.64,1,1,8,2,6.64,6.64,53.12,13.28
-0.49,1,6.06,1,1,8,2,6.06,6.06,48.48,12.12
-0.7,1,5.66,1,1,8,2,5.66,5.66,45.28,11.32
-1.32,1,5.92,1,1,8,2,5.92,5.92,47.36,11.84
-0.83,1,5.78,1,1,8,2,5.78,5.78,46.24,11.56
-1.38,1,5.9,1,1,8,2,5.9,5.9,47.2,11.8
-0.81,1,5.12,1,1,8,2,5.12,5.12,40.96,10.24
4.31,1,5.24,1,5,4,2,5.24,26.2,20.96,10.48
5.48,1,6.98,1,5,4,2,6.98,34.9,27.92,13.96
5.21,1,6.04,1,5,4,2,6.04,30.2,24.16,12.08
5.68,1,6.42,1,5,4,2,6.42,32.1,25.68,12.84
6.44,1,6.72,1,5,4,2,6.72,33.6,26.88,13.44
4.38,1,5.28,1,5,4,2,5.28,26.4,21.12,10.56
-2.9,1,6.04,0,3,6,1,0,18.12,36.24,6.04
-2.55,1,5.42,0,3,6,1,0,16.26,32.52,5.42
-4.4,1,6.54,0,3,6,1,0,19.62,39.24,6.54
-3.05,1,5.82,0,3,6,1,0,17.46,34.92,5.82
1.48,1,5.8,1,4,8,2,5.8,23.2,46.4,11.6
1.3,1,5.26,1,4,8,2,5.26,21.04,42.08,10.52
1.49,1,6.86,1,4,8,2,6.86,27.44,54.88,13.72
1.48,1,6.24,1,4,8,2,6.24,24.96,49.92,12.48
1.29,1,6.76,1,4,8,2,6.76,27.04,54.08,13.52
1.37,1,5.58,1,4,8,2,5.58,22.32,44.64,11.16
1.15,1,5.8,1,4,8,2,5.8,23.2,46.4,11.6
2.3,1,5.68,0,2,2,3,0,11.36,11.36,17.04
2.67,1,6.66,0,2,2,3,0,13.32,13.32,19.98
1.3,1,5.06,0,2,2,3,0,10.12,10.12,15.18
2.28,1,6.66,0,2,2,3,0,13.32,13.32,19.98
3.1,1,5.68,0,2,2,3,0,11.36,11.36,17.04
2.02,1,6.02,0,2,2,3,0,12.04,12.04,18.06
2.72,1,5.64,0,2,2,3,0,11.28,11.28,16.92
1.64,1,6.06,0,2,2,3,0,12.12,12.12,18.18
7.53,1,6.5,1,3,2,3,6.5,19.5,13,19.5
7.07,1,6.44,1,3,2,3,6.44,19.32,12.88,19.32
7.78,1,6.58,1,3,2,3,6.58,19.74,13.16,19.74
7.89,1,6.98,1,3,2,3,6.98,20.94,13.96,20.94
6.16,1,5.8,1,3,2,3,5.8,17.4,11.6,17.4
0.91,1,5.44,0,6,7,3,0,32.64,38.08,16.32
0.05,1,6.08,0,6,7,3,0,36.48,42.56,18.24
1.42,1,6.04,0,6,7,3,0,36.24,42.28,18.12
0.08,1,5.06,0,6,7,3,0,30.36,35.42,15.18
0.33,1,5.46,0,6,7,3,0,32.76,38.22,16.38
-0.3,1,5.94,0,6,7,3,0,35.64,41.58,17.82
1.07,1,5.92,0,6,7,3,0,35.52,41.44,17.76
-0.11,1,5.8,0,6,7,3,0,34.8,40.6,17.4
7.15,1,6.96,1,2,1,2,6.96,13.92,6.96,13.92
6.53,1,6.08,1,2,1,2,6.08,12.16,6.08,12.16
6.85,1,6.42,1,2,1,2,6.42,12.84,6.42,12.84
5.32,1,5.54,1,2,1,2,5.54,11.08,5.54,11.08
6.12,1,6.38,1,2,1,2,6.38,12.76,6.38,12.76
7.15,1,6.18,1,2,1,2,6.18,12.36,6.18,12.36
5.19,1,5.28,1,2,1,2,5.28,10.56,5.28,10.56
5.94,1,6.26,1,2,1,2,6.26,12.52,6.26,12.52
4.31,1,5.02,1,2,1,2,5.02,10.04,5.02,10.04
6.69,1,6.96,1,2,1,2,6.96,13.92,6.96,13.92
6.75,1,6.16,1,2,1,2,6.16,12.32,6.16,12.32
1.45,1,6.98,1,6,9,2,6.98,41.88,62.82,13.96
0.31,1,5.56,1,6,9,2,5.56,33.36,50.04,11.12
0.46,1,5.54,1,6,9,2,5.54,33.24,49.86,11.08
1.4,1,6.62,1,6,9,2,6.62,39.72,59.58,13.24
2,1,6.86,1,6,9,2,6.86,41.16,61.74,13.72
1.15,1,6.66,1,6,9,2,6.66,39.96,59.94,13.32
1.21,1,5.8,1,6,9,2,5.8,34.8,52.2,11.6
1,1,6.66,1,6,9,2,6.66,39.96,59.94,13.32
1.17,1,5.78,1,6,9,2,5.78,34.68,52.02,11.56
0.36,1,6.1,0,1,3,3,0,6.1,18.3,18.3
0.4,1,6.94,0,1,3,3,0,6.94,20.82,20.82
0.5,1,6.22,0,1,3,3,0,6.22,18.66,18.66
0.66,1,5.64,0,1,3,3,0,5.64,16.92,16.92
0.64,1,5.22,0,1,3,3,0,5.22,15.66,15.66
0.98,1,5.84,0,1,3,3,0,5.84,17.52,17.52
1.36,1,5.12,0,1,3,3,0,5.12,15.36,15.36
0.87,1,5.04,0,1,3,3,0,5.04,15.12,15.12
0.95,1,6.78,0,4,2,1,0,27.12,13.56,6.78
0.39,1,5.76,0,4,2,1,0,23.04,11.52,5.76
0.91,1,5,0,4,2,1,0,20,10,5
0.41,1,6.16,0,4,2,1,0,24.64,12.32,6.16
0.52,1,6.24,0,4,2,1,0,24.96,12.48,6.24
1.2,1,5.56,0,4,2,1,0,22.24,11.12,5.56
0.85,1,6.84,0,4,3,2,0,27.36,20.52,13.68
1.34,1,6.24,0,4,3,2,0,24.96,18.72,12.48
2.49,1,6.3,0,4,3,2,0,25.2,18.9,12.6
0.79,1,5.44,0,4,3,2,0,21.76,16.32,10.88
1.23,1,5.58,0,6,5,2,0,33.48,27.9,11.16
1.26,1,5.38,0,6,5,2,0,32.28,26.9,10.76
0.89,1,6.4,0,6,5,2,0,38.4,32,12.8
0.26,1,5.28,0,6,5,2,0,31.68,26.4,10.56
0.38,1,6.32,0,6,5,2,0,37.92,31.6,12.64
1.25,1,5.06,0,6,5,2,0,30.36,25.3,10.12
-0.01,1,6,0,6,5,2,0,36,30,12
0.94,1,5.24,0,6,5,2,0,31.44,26.2,10.48
0.13,1,5.58,0,6,5,2,0,33.48,27.9,11.16
1.52,1,6.06,0,4,2,2,0,24.24,12.12,12.12
1.96,1,5.86,0,4,2,2,0,23.44,11.72,11.72
2.19,1,6.9,0,4,2,2,0,27.6,13.8,13.8
2.43,1,6.76,0,4,2,2,0,27.04,13.52,13.52
2.95,1,6.2,0,4,2,2,0,24.8,12.4,12.4
2.52,1,6.74,0,4,2,2,0,26.96,13.48,13.48
2.51,1,6.38,1,3,4,1,6.38,19.14,25.52,6.38
1.91,1,5.2,1,3,4,1,5.2,15.6,20.8,5.2
3.16,1,5.1,1,3,4,1,5.1,15.3,20.4,5.1
2.94,1,5.9,1,3,4,1,5.9,17.7,23.6,5.9
2.37,1,6.38,1,3,4,1,6.38,19.14,25.52,6.38
2.87,1,5.68,1,3,4,1,5.68,17.04,22.72,5.68
